SVM Classifier
--------------------------------------------------
SIMULATION RESULTS ON THE VALIDATION DATA
--------------------------------------------------
Agent_ratio_0.75:		$2,776,000.00
Agent_ratio_0.50:		$2,485,000.00
Agent_ratio_0.25:		$1,791,000.00
Agent_nb:		$2,822,050.00
Agent_rbasired:		$3,517,050.00

--------------------------------------------------
PREDICTED PROBABILITIES ON THE TEST DATA
--------------------------------------------------
0.99722136018
0.827111738319
0.983994742618
0.988276731254
0.690813217011
0.85698547116
0.974457747973
0.993981243488
0.956956446606
0.936040734985
0.403379010889
0.986700366319
0.970014456949
0.973445284099
0.974720939653
0.875220891816
0.240843686536
0.942574945162
0.852537204444
0.847097329746
0.0843025060156
0.00402853753625
0.0337851626862
0.0418433433905
0.924079700554
0.991269105124
0.763634515123
0.732899402577
0.944262726546
0.950474022581
0.94154325805
0.87877952046
0.932100195108
0.139800583397
0.391069862676
0.0892247894453
0.976067399694
0.95184777995
0.766600479937
0.956217026969
0.0158272709064
0.98919455425
0.968660516778
0.995270828812
0.91528381165
0.986465681536
0.354908337646
0.833192221995
0.0620209638592
0.943245589441
0.924143427078
0.010102344683
0.908708462337
0.860185817373
0.976077586849
0.668910966999
0.976426643219
0.930111850092
0.971773947177
0.910007383232
0.65599258003
0.240401710434
0.957724253312
0.940559702916
0.990385664251
0.975024061377
0.745018585082
0.999985568894
0.963776817309
0.189002468497
0.374978286202
0.971864192449
0.812769586564
0.968034590793
0.930992853918
0.780598639446
0.589276789898
0.747304139308
0.320724292515
0.972988578135
0.435816349661
0.949827450488
0.989033250251
0.958115044441
0.842786723517
0.913759363841
0.839101911752
0.931742533482
0.931087512034
0.871020297985
0.979066859904
0.0780358796357
0.94177328246
0.951152273255
0.957400957759
0.895264366435
0.264998889877
0.440039941295
0.0440773569493
0.886691209237
0.96393538301
0.952844114195
0.68871521207
0.79432828653
0.974509981726
0.875171405293
0.986996433806
0.984299315792
0.895024731746
0.751537629811
0.969420292091
0.990685087862
0.825818569508
0.76272098447
0.877465806612
0.990573996375
0.980227049885
0.5
0.513411162589
0.996950140496
0.934449861731
0.840537289796
0.990083915312
0.231192394195
0.314271672071
0.0419330373689
0.859680765709
0.967112584192
0.659236597244
0.842353738769
0.996984185979
0.989853093922
0.902175253582
0.838333301283
0.969699096532
0.510512689078
0.343592051866
0.800838386199
0.921888308536
0.509771514257
0.965120552069
0.957458004719
0.277278236448
0.883142856149
0.961417479931
0.931741337733
0.96763553588
0.992796654556
0.918361295577
0.958866449625
0.920300197607
0.63368183116
0.00653155155234
0.639818780569
0.978896873147
0.819957119757
0.994690173311
0.975346512712
0.999982072595
0.900137734866
0.0323337979447
0.471951047907
0.969127790151
0.968512345126
0.949326475539
0.888698796215
0.115062585814
0.927042377451
0.982224211613
0.31765190699
0.972813820241
0.0107070820852
0.312872652997
0.9238477808
0.984422180878
0.776525133436
0.766317600149
0.203791292166
0.862389479212
0.89386641972
0.815042888568
0.978911458173
0.0398226410187
0.0717505161626
0.882196796492
0.189319225441
0.995043866114
0.203305956415
0.533583081879
0.578369076477
0.770698423484
0.143017599442
0.259032156198
0.98611767278
0.524189103056
0.424483432816
0.634436650968
0.961531260271
0.872487700345
0.762041178425
0.79744748356
0.0784868688749
0.871555828954
0.995853290966
0.965489126915
0.0141042762032
0.914282508069
0.983521949689
0.914915555003
0.980838449435
0.979609638085
0.0983798329799
0.211682739376
0.954779596038
0.994627680539
0.316035226615
0.988604730102
0.551118658253
0.991523424315
0.0917559601399
0.817602101967
0.0135012573827
0.955784142729
0.948973721061
0.8793380924
0.961652339988
0.145039266195
0.374004435673
0.922086284624
0.982080526993
0.779588076795
0.944799997656
0.0697606233936
0.95453261373
0.056840454633
0.342463647764
0.925585374248
0.13726542541
0.963275455901
0.974848832786
0.955265206115
0.950872503963
0.859843051936
0.788215900577
0.994674840159
0.974657943037
0.906560170012
0.995654106593
0.98804708804
0.94222913764
0.0687144581687
0.92493120705
0.972885306208
0.348659260734
0.680358252427
0.995428749955
0.906285091196
0.928034058468
0.580793822812
0.948919314884
0.971485387147
0.928848359432
0.873991007405
0.882929253719
0.456552798965
0.999988328724
0.980971200278
0.827644352443
0.261433876017
0.0363704124332
0.988065479913
0.969449835168
0.142838202433
0.682181867976
0.930851372169
0.988200536353
0.897616550357
0.955848443383
0.988718000589
0.990602229166
0.862327974533
0.852288978916
0.100484742773
0.946819391241
0.380744243922
0.675270573883
0.977980195955
0.345109243207
0.0375131418128
0.80370880893
0.979920854016
0.968261172686
0.948720954615
0.968256362379
0.782995343762
0.452313480835
0.875973250893
0.900037079762
0.0992927173603
0.956048771303
0.975325647788
0.971179781229
0.988832255817
0.0955620620937
0.00364062492574
0.804298006511
0.94339903794
0.0806522503642
0.88360889587
0.989261139285
0.985765865987
0.993404777156
0.841739904342
0.884796041783
0.978537603545
0.943894393712
0.373952847921
0.0366550482933
0.977661957299
0.974178243872
0.34651531686
0.392264940679
0.871308328481
0.168085664361
0.975647247781
0.872968226614
0.189725660222
0.606124386573
0.928379063332
0.815523009609
0.0342561051225
0.436905969748
0.986525818138
0.893240338201
0.425073279246
0.982335075054
0.975212971478
0.944022745465
0.813594620797
0.97610219325
0.751638331811
0.904600693075
0.990495870072
0.640855951494
0.971140988351
0.573546302556
0.986506590599
0.680321567677
0.696425239673
0.94956524454
0.846011446827
0.561669517957
0.270441309192
0.302917605713
0.0409061374857
0.955018597975
0.942472680997
0.930802809047
0.97629802819
0.86662137649
0.978163890544
0.991522394049
0.991470768261
0.975800867871
0.983213744169
0.871132689877
0.980820668072
0.566096636878
0.918980217936
0.641765358835
0.776886988858
0.981373925445
0.697885342162
0.980416313735
0.983611791435
0.870886925299
0.645762274088
0.987531625512
0.323466619761
0.796947544653
0.24702419438
0.933031832136
0.914132355401
0.99425437321
0.973210485368
0.800919864346
0.481054935763
0.847703724057
0.0303154851142
0.957167615968
0.984744090165
0.574485902257
0.915095255996
0.540907364045
0.0923751938874
0.928732117307
0.861953674172
0.657200321202
0.999988439246
0.958617669179
0.734614439478
0.702021671226
0.825279567976
0.999983420975
0.5
0.541279365837
0.996497484439
0.993668882501
0.990555791923
0.971557717451
0.992461811037
0.194412233486
0.969730477479
0.332674543265
0.291805788142
0.609372323023
0.973171142676
0.14710996552
0.935752590141
0.88097482425
0.964363336129
0.981222755265
0.989294647459
0.970510636201
0.995777196789
0.885750639625
0.94682286852
0.868881773752
0.0479006013508
0.751955923981
0.869060655899
0.128329269149
0.0221470467287
0.668309685789
0.935478966703
0.917288580974
0.934718286663
0.927154337324
0.969416622527
0.976347025041
0.823165996354
0.665243441986
0.995687024014
0.93438533765
0.0106594189879
0.874159078689
0.773162454741
0.800084617656
0.912320624257
0.945538007535
0.133636256502
0.929906600058
0.682862994237
0.978627853769
0.69139311533
0.755142091864
0.340301325854
0.0247862486254
0.685145780013
0.885296003016
0.989129392572
0.07695251602
0.482680100285
0.657284879208
0.722496697833
0.995920169243
0.88691756145
0.95986053961
0.949261605805
0.888578905326
0.960832601714
0.208776005379
0.911184043559
0.948004553752
0.57791546988
0.942885321884
0.994369225044
0.919687906956
0.995058738264
0.934643619038
0.396463110983
0.354723071442
0.955817550915
0.9118476059
0.92635914817
0.989696555088
0.90116614527
0.882659327503
0.873190300574
0.977935365326
0.412750324713
0.833077238842
0.882540715348
0.778896365322
0.0900169561728
0.974690994002
0.985862907346
0.986101623805
0.87940888814
0.312214313133
0.465230567781
0.831975974235
0.989872941662
0.942662144931
0.0880997723047
0.867887322124
0.928086381958
0.957903983547
0.0828325774904
0.738866604076
0.936463185612
0.910590373172
0.899130380319
0.829303611847
0.947302065427
0.922446740533
0.08998764446
0.0381399808937
0.184595277683
0.939128589337
0.986850094884
0.938808705892
0.72514557911
0.562725500405
0.00631354574177
0.967709907816
0.516519375536
0.99303857409
0.978160173672
0.993141718269
0.815476293633
0.235985234995
0.974033699697
0.980443592805
0.15251471423
0.93119760446
0.125014253838
0.0398251741816
0.992190739783
0.989076257319
0.960313615443
0.996174052542
0.948913623501
0.5
0.012182655266
0.994915631091
0.843239755981
0.295568855748
0.989124349793
0.917931629756
0.984617498016
0.991107440109
0.990459031299
0.818533234727
0.94304782851
0.882615083284
0.819587967581
0.854841322071
0.904410279518
0.740192669321
0.993187044338
0.991030984315
0.207858691305
0.932842206594
0.985650654937
0.95702731433
0.96502313006
0.937943153407
0.0485932838532
0.946471145471
0.559050735283
0.965652394254
0.609203832203
0.870272016849
0.775911979145
0.964987980317
0.00670758361494
0.244912088178
0.740623430963
0.714917793658
0.977574230794
0.61043471772
0.891038596375
0.0108684531419
0.406551621533
0.874167811199
0.983166937417
0.826665724505
0.950558752118
0.756617885805
0.347134219696
0.786640829106
0.929404378204
0.407743961014
0.976863893857
0.992381043651
0.828755517609
0.783607423262
0.879737415193
0.916252290052
0.814714119433
0.928574243163
0.736978769711
0.935505123933
0.965676938328
0.943571042052
0.00506044080116
0.986693117801
0.621526076011
0.786351734028
0.964448677131
0.94266563273
0.838398109071
0.995134298713
0.0370971207961
0.047328655725
0.743588640748
0.98826255582
0.936915979822
0.987553582385
0.9037159554
0.979885013674
0.970581170247
0.986574385864
0.976607815489
0.880453181027
0.832821968402
0.371123065282
0.886499653858
0.95471178791
0.700746071543
0.985949143764
0.758310479845
0.435654535341
0.858701623041
0.930387529241
0.931586561766
0.719405956065
0.82377472308
0.949665875391
0.77663756979
0.963965985187
0.0956261472795
0.268747311445
0.903984884068
0.328481175421
0.90288440236
0.984442534846
0.263011183402
0.937524198348
0.576186173492
0.0790503081522
0.792528912304
0.678940214807
0.897857192654
0.957785932309
0.681720908717
0.979933168062
0.797990859739
0.983709768783
0.747275544123
0.758635690821
0.977748307277
0.959472019392
0.942082585781
0.975931704787
0.920086235977
0.967820827419
0.26224014448
0.748367329877
0.962968648333
0.995547458583
0.933944960129
0.965404510552
0.893485052614
0.95392920919
0.968526530085
0.279558666705
0.106085833636
0.713801983841
0.986939092239
0.888413115428
0.837141969097
0.10303266246
0.0957274053135
0.0726530194713
0.365336595289
0.948120972833
0.972135556915
0.916307239193
0.935635665812
0.926234702411
0.142477158697
0.0879298954512
0.985413226036
0.845698955881
0.876658195183
0.370793320313
0.99351790382
0.965984469103
0.97893822888
0.993051276121
0.703527745403
0.807963819577
0.961904126231
0.595647589452
0.278009965515
0.995190211327
0.974211940633
0.667339115149
0.249345127228
0.800387196771
0.866241055354
0.9221446791
0.946819637096
0.832030950116
0.847556892912
0.588408220257
0.896181153455
0.799206007759
0.746566140064
0.996412171321
0.952138175334
0.972272744684
0.166845940371
0.943980226525
0.982581512292
0.799146277581
0.972327749747
0.974335784406
0.982693595601
0.289433138634
0.965553543332
0.941521623874
0.00943172564961
0.97603196718
0.72665750556
0.957314287097
0.130271985059
0.984356474192
0.831538918115
0.482829778303
0.843110401952
0.959256332165
0.967531410513
0.970361333151
0.305728943509
0.775265302223
0.984776940241
0.931896501409
0.928035630681
0.711837657326
0.890026679506
0.931726242911
0.985674268648
0.914827703554
0.125298926142
0.940536682115
0.955138403878
0.968166550732
0.895084678816
0.660609841208
0.566607151382
0.946719358639
0.833270742948
0.671234318393
0.961302610108
0.943965751502
0.956231873117
0.88791610649
0.696460678719
0.94634882171
0.266826781915
0.587920660017
0.462988328922
0.956509059133
0.837772786832
0.957617560967
0.992838116315
0.922901121989
0.18185966276
0.00702404299745
0.615460050532
0.521502422391
0.972189380308
0.241705087146
0.8707761753
0.995271442822
0.113131492928
0.211748583353
0.74534815899
0.976830084339
0.631192343846
0.950441338507
0.980881844451
0.262516824912
0.872678929224
0.0804886701929
0.979819443179
0.744456025909
0.154198742604
0.973976285997
0.951355163257
0.621937677135
0.66587901201
0.886246633288
0.967732832094
0.836462224905
0.921491700101
0.273907172294
0.683205888794
0.385352873131
0.97885398384
0.669048802321
0.927093810356
0.981013326677
0.97490200617
0.928527422153
0.708832910123
0.98706371589
0.406472255495
0.840265187091
0.567272578919
0.881476736471
0.948164954191
0.956810648913
0.816722385712
0.937477923206
0.802231542148
0.781305266488
0.887391256715
0.738576492442
0.457739650652
0.993657846529
0.796344260485
0.123928603477
0.956208951743
0.414804495597
0.895135951591
0.905637179452
0.986966074842
0.985477345977
0.900196737011
0.899789017513
0.756727932206
0.967991145664
0.956955683052
0.965108234185
0.843059831629
0.335905300963
0.953073579571
0.9935164371
0.831695284864
0.839248659137
0.2602643322
0.981931720632
0.825659471795
0.987019783081
0.826912144868
0.98525145089
0.197138144591
0.993365179801
0.903618382132
0.889103115856
0.0659642135379
0.928692518732
0.696124324875
0.109776991045
0.911220663562
0.691489618631
0.885526343585
0.96508258577
0.896395156324
0.946356546763
0.407412280543
0.878715120254
0.985312015077
0.908130262245
0.653073099796
0.82838841786
0.975281160635
0.952653846183
0.984614926645
0.876031430928
0.986752061473
0.899319675788
0.901439571891
0.989659169264
0.517961332993
0.976944249206
0.980399950447
0.580641400586
0.901543487997
0.830265717294
0.987803290657
0.990525595526
0.239159470505
0.743650704671
0.946944767981
0.972814356963
0.988215354051
0.932095920985
0.980328923751
0.952256283595
0.213127743926
0.64356251035
0.701074095099
0.893622435195
0.793014323829
0.810534043976
0.985040521346
0.980170942697
0.924996815849
0.655133257889
0.952573788302
0.574714045375
0.58887539415
0.978413349933
0.961233695872
0.988514927034
0.00484022473088
0.984408048161
0.165087089528
0.894824571635
0.995159291211
0.879569738864
0.779015688575
0.989352607955
0.944571514712
0.774528829562
0.938682900995
0.0291494733365
0.576631916668
0.992703889105
0.449459341797
0.5
0.978449143612
0.960378744611
0.952857172856
0.974529916494
0.995193222977
0.83045219466
0.918906242842
0.820587186634
0.867666327049
0.827797166081
0.839206461661
0.55798710144
0.991582444961
0.000235710396182
0.988542435842
0.930420342159
0.982930010499
0.0844623441584
0.801901508288
0.166276329546
0.401934137946
0.804072720493
0.982009008697
0.866819227472
0.0448361965865
0.0197227838276
0.93553803045
0.95788288157
0.753303717099
0.966939175223
0.972318186416
0.957417492528
0.962562182348
0.968609505392
0.987523729314
0.986703999809
0.994685128917
0.368106782837
0.917658590713
0.985678025192
0.00253786333416
0.9518440527
0.945945396636
0.939129446808
0.387140161733
0.98136995205
0.822177240849
0.986308277414
0.932092102601
0.911899682328
0.741886803402
0.940273091331
0.929542011266
0.969599820798
0.960045003471
0.396454956821
0.432972951189
0.961575111943
0.844915041046
0.956760996189
0.00110560247622
0.91243320534
0.976133756216
0.82961993315
