GRA Boost Classifier
--------------------------------------------------
SIMULATION RESULTS ON THE VALIDATION DATA
--------------------------------------------------
Agent_ratio_0.75:		$2,888,000.00
Agent_ratio_0.50:		$2,555,000.00
Agent_ratio_0.25:		$1,833,000.00
Agent_nb:		$2,852,950.00
Agent_rbasired:		$3,062,200.00

--------------------------------------------------
PREDICTED PROBABILITIES ON THE TEST DATA
--------------------------------------------------
0.896049626805
0.833762902779
0.840308347318
0.480195393519
0.901889967023
0.760601587908
0.981421054138
0.543263130387
0.849816511607
0.93366355389
0.877317958737
0.857836795233
0.964351551179
0.830875447221
0.947811339431
0.882585218911
0.424996287172
0.291141358052
0.945439636156
0.746731034297
0.955210772786
0.852130621838
0.928403172867
0.8770742925
0.509937221441
0.923690339567
0.879886688867
0.612958379007
0.93359463246
0.67225344548
0.843401711424
0.955124323851
0.933356248082
0.34549031101
0.958953502992
0.963913846295
0.953543973787
0.248316307145
0.645496226475
0.938241114847
0.415788680992
0.977989918279
0.785123003025
0.793659942834
0.738733282825
0.307338969339
0.824256868738
0.939145944394
0.775475997694
0.973742143275
0.903620133031
0.971791414781
0.930296000975
0.904437758983
0.965864638786
0.924478613838
0.898080175053
0.829161109035
0.899523848944
0.925305098464
0.915823078223
0.320710648397
0.14825911838
0.809261214148
0.917511717558
0.966929483625
0.862202271553
0.80978612485
0.926125781967
0.910535219995
0.851373934316
0.518993317687
0.635901111796
0.738000581516
0.89363301499
0.958168918216
0.946601786014
0.982073601672
0.958242136746
0.846767614771
0.948124224544
0.580546235308
0.914695223885
0.698215357804
0.913689048254
0.118016691058
0.869180947603
0.929083445862
0.918318652548
0.747207259889
0.777119999976
0.97845611509
0.884829980706
0.95161062654
0.227721971162
0.968076954871
0.769087589632
0.882939713601
0.810980557161
0.946564024766
0.906448649337
0.552488834156
0.92578260222
0.795502547567
0.948978370466
0.728220962298
0.196690764378
0.787012594444
0.86861402334
0.941411827784
0.568040972364
0.927549688563
0.899845174528
0.962355352399
0.566230069092
0.931340414161
0.973902162082
0.977349752591
0.651730799095
0.903189855162
0.282829983444
0.466051178266
0.634502819184
0.94611277789
0.376176610842
0.580406297063
0.705983436274
0.545114413973
0.637611179788
0.917248363002
0.713500510057
0.819985739786
0.502710125595
0.856418224875
0.908129917255
0.924905763261
0.552059467731
0.172121863447
0.842965586553
0.945957143716
0.949968739895
0.918028373073
0.395333287381
0.766428825483
0.936566004286
0.731842252936
0.776930878183
0.962044266198
0.450954842626
0.87109050285
0.851681493138
0.906171372952
0.986699702826
0.675368419111
0.775777186076
0.595198668281
0.945272965475
0.959422524142
0.217010262715
0.768902721327
0.921195824055
0.866805501687
0.956516040536
0.861878311832
0.407587554631
0.974155523952
0.0339794662849
0.764024016619
0.821986524228
0.706106219619
0.961829750327
0.482771330845
0.927708709204
0.773912110188
0.929152824036
0.870464284304
0.941982001627
0.89886960313
0.92457306794
0.879872410051
0.822284841164
0.910797103853
0.945924111072
0.95717867892
0.887066200788
0.960892482786
0.859487470638
0.655841722552
0.887950267627
0.787594627937
0.791961536062
0.849977750653
0.816246811576
0.846056541233
0.874026931492
0.97232327556
0.0685818445006
0.948064359415
0.841393100772
0.460920179174
0.483167176768
0.443235808756
0.662406889705
0.951251921156
0.936348096995
0.968386967979
0.884970962774
0.78266624964
0.827364537305
0.812255304192
0.881372861253
0.964858312189
0.957295562162
0.834992102046
0.147992051658
0.486906656567
0.953838946054
0.925570470899
0.982389577245
0.878616063112
0.328853902428
0.899949306713
0.337030726468
0.911825748332
0.949399020601
0.970650459484
0.960359752931
0.870392161157
0.898195930156
0.841604894407
0.528046965748
0.663447011708
0.964357718165
0.269212978461
0.237000245646
0.95926281299
0.749598833629
0.937561416658
0.967247785478
0.94747378484
0.339134579827
0.583575472385
0.945142459783
0.886821493067
0.87813592915
0.726136796552
0.828318652323
0.92159296665
0.946670137125
0.881539069717
0.96443374532
0.909064386401
0.79873026032
0.496851735821
0.928312737732
0.885932447958
0.859569307643
0.424785085174
0.769612354972
0.920862370199
0.680739769841
0.753338324096
0.0850740114128
0.872118873481
0.861426914489
0.0619580230575
0.629986660581
0.841456881055
0.15958251681
0.357365301257
0.681127629851
0.582296947672
0.462669059088
0.593430494974
0.937139152348
0.674283465791
0.933379602347
0.853494772472
0.777684227633
0.603872047706
0.562313964589
0.421665415936
0.8565533827
0.911659185045
0.895120934567
0.298300750552
0.895028672674
0.743129318493
0.0404573688454
0.41627506169
0.963415434697
0.765033540887
0.810469161457
0.819135954521
0.0878282591507
0.784517071363
0.475239692143
0.792529237016
0.964566815305
0.652061107026
0.522025129155
0.955823441677
0.700613297552
0.956101157633
0.197654602095
0.541169365411
0.645386545534
0.931253309603
0.919242205946
0.861701327633
0.878374432471
0.872855365419
0.208158963305
0.690837379799
0.324364407001
0.943434986988
0.736644534683
0.400122421961
0.589324669168
0.988114449404
0.0830629541781
0.887759547528
0.772413787125
0.907815123141
0.426045834059
0.950354135092
0.467269696108
0.927974480013
0.955671344826
0.900897395652
0.912969196015
0.632666072192
0.469069431984
0.712627483257
0.937646422875
0.825104420104
0.958082373202
0.66065839811
0.65646240503
0.569603905395
0.902142333783
0.842913762192
0.957628472909
0.895139797693
0.852614426056
0.897299075917
0.717806076694
0.547244110428
0.888158407688
0.60975277175
0.24832606303
0.964247962927
0.918540792979
0.985821403064
0.810758869186
0.255382469711
0.944852062257
0.873446261274
0.852843189068
0.938265132204
0.901054527479
0.88671347492
0.965048842027
0.945508177741
0.981745729916
0.408671385628
0.874098128331
0.952771627712
0.694731536746
0.952523349372
0.913497786662
0.900406911608
0.264560602044
0.871722809338
0.753027389658
0.961185846757
0.940469857978
0.955731401214
0.906270516846
0.94204513273
0.86970257609
0.76671185827
0.476035649868
0.886185985941
0.937249531741
0.818026000033
0.812474964886
0.941319898447
0.78221041587
0.279658454153
0.799813529249
0.966783379241
0.955729722206
0.914566072211
0.915013840616
0.845453892266
0.71466664034
0.738066458814
0.0509685720494
0.943345217095
0.938401527545
0.960571051845
0.282826750021
0.8557069137
0.701281296098
0.535207730683
0.765129907441
0.87879613546
0.847612809567
0.901822260275
0.652413169395
0.719722751183
0.35339199927
0.902171484327
0.929271556476
0.89041078062
0.971581064506
0.723074938453
0.80446677483
0.903144424087
0.889239504142
0.976832660216
0.0607142462785
0.963179968059
0.617850879059
0.877638765996
0.972820657785
0.320250043231
0.879582182661
0.389571857226
0.948290093105
0.127011733319
0.398897928537
0.499670141983
0.921228591469
0.963286672675
0.858234482026
0.612709116181
0.920346828688
0.9263817135
0.539881325617
0.970733746657
0.950895949358
0.87690731078
0.840673996601
0.858654399206
0.876554419893
0.725826899373
0.850380118171
0.753588686861
0.884818422832
0.905792756931
0.900651062542
0.173994420276
0.824542867511
0.684661570703
0.753004568128
0.596995041891
0.351955724944
0.304777998601
0.836085549753
0.959212005272
0.979957892547
0.132808069907
0.915840803863
0.575412822585
0.474265521258
0.511496945806
0.7126778155
0.836155187789
0.929657213904
0.772410771952
0.92712640986
0.876103880541
0.736715287693
0.723816769424
0.305398791934
0.73455198046
0.917987712179
0.955440247548
0.830636312595
0.92269527911
0.627711543628
0.938034662756
0.942356146674
0.87531710328
0.704419628619
0.913596709921
0.705693114575
0.961192276522
0.557086189184
0.986441208515
0.823870450079
0.977274324548
0.894073429331
0.894343089086
0.93958269514
0.481376185821
0.910308102945
0.975709573447
0.262773577927
0.806036773984
0.967464879459
0.179275120901
0.732807849676
0.559302400368
0.880408081014
0.943268975221
0.939099755593
0.907750931687
0.445701093193
0.729417532271
0.297208066915
0.669612244381
0.790803091793
0.937383643981
0.893883357264
0.692270591868
0.922967520005
0.61216481214
0.529233556927
0.858961361821
0.403141489177
0.845951081564
0.933230482805
0.948879511653
0.597361108363
0.491661048687
0.539707902038
0.88059099037
0.923176477797
0.84857759282
0.0462594105862
0.447884794418
0.972825158446
0.472400247719
0.957278360218
0.947122398409
0.845035800061
0.657791273111
0.88670681291
0.960264570871
0.971957176736
0.777058163407
0.967674418546
0.912157533655
0.939047161525
0.970043727146
0.884186666682
0.0832092168629
0.934651528313
0.691825274462
0.969466505499
0.968260168891
0.898656498217
0.841987734398
0.961043504484
0.591252159966
0.953269279215
0.895910863868
0.898902506354
0.947296065783
0.84798619026
0.372669625893
0.876817681277
0.834298583404
0.8476644038
0.601951740561
0.933107285142
0.712659127969
0.771959743411
0.672190253347
0.889097233112
0.24704504842
0.0990258537311
0.963680442673
0.959889377295
0.444624936996
0.963710094727
0.917400631571
0.85803370993
0.947895401899
0.826137043617
0.842294717137
0.940348031594
0.716255690298
0.896562148396
0.777094699495
0.72578472463
0.962454585792
0.747643839328
0.893765605687
0.32908588135
0.863120506487
0.846924701337
0.716083183039
0.960110596795
0.394758533256
0.854466319838
0.601750535322
0.705442863849
0.914183928526
0.923545381435
0.602696922101
0.854530425309
0.913852696195
0.941470900512
0.825567090434
0.911492268864
0.768038278336
0.982621425833
0.297143635711
0.877073571142
0.620073905616
0.685618324544
0.921809586328
0.914712402591
0.34902186844
0.449218651789
0.868973567772
0.896784190148
0.963475533647
0.962392151704
0.83978161801
0.839086432387
0.859603312058
0.790119247304
0.949610233497
0.893408741227
0.88888950792
0.872002166763
0.924522061873
0.95060731806
0.819937934408
0.903750610685
0.899004068317
0.958896128476
0.944893950211
0.972340764171
0.894898900135
0.813447301666
0.41352262078
0.731888293204
0.616977917722
0.965532880265
0.926468009089
0.620823444514
0.873432496861
0.45718168733
0.911785340544
0.855161733128
0.78552590179
0.577721088773
0.937863208157
0.746356924891
0.922838838293
0.780392009082
0.524522869356
0.159306298856
0.922905590635
0.956962457745
0.79351451169
0.918064577224
0.984702636034
0.45658103631
0.39423714857
0.660849919276
0.415655290772
0.81368153589
0.278595566751
0.148344437541
0.903176364007
0.671313466856
0.836726423022
0.725562487372
0.165339072196
0.379112548998
0.757660175052
0.904563555134
0.961370350276
0.866840877142
0.180825717545
0.808131048281
0.944031813594
0.962050017178
0.489222628361
0.91270674365
0.858094202217
0.814188282751
0.871146112498
0.614432831334
0.820861496368
0.86453698419
0.932733634553
0.844984864263
0.889587995479
0.911425677459
0.901319692673
0.838329624676
0.761964304316
0.977133582714
0.767292797121
0.891523665471
0.360465088022
0.76963911326
0.940743374179
0.950561864984
0.537380990455
0.903881295142
0.276015143612
0.929006935245
0.142186356202
0.560850477595
0.882323393268
0.754639135575
0.921612959578
0.857018154346
0.492510420046
0.846500342586
0.950588325114
0.420025469697
0.659474009089
0.90157213029
0.34434702747
0.953348374163
0.840946128688
0.954067053946
0.951959278409
0.812761127025
0.949907947963
0.805874340402
0.91399986263
0.967156231678
0.945314278012
0.847251948201
0.794288710452
0.630059296815
0.826351069366
0.948646913564
0.587677945234
0.83656520094
0.963443317329
0.963368143751
0.941183815389
0.940716272825
0.861719866538
0.556815383505
0.712448523945
0.845652216644
0.933466163095
0.945300828022
0.974972610838
0.911310722304
0.755972861262
0.344711235727
0.930327256671
0.819740760714
0.581867148654
0.897064843636
0.260839767812
0.905658330748
0.920035197063
0.688454284115
0.928626305508
0.915348703058
0.946503875687
0.849821480846
0.821475104947
0.908140551802
0.863786853278
0.878600636655
0.913227919645
0.861754663382
0.768549826172
0.596369528726
0.965633267194
0.765345382503
0.758217774466
0.987560073866
0.909686257466
0.817829322074
0.925077363621
0.72645781842
0.492312058006
0.517801298931
0.621313582183
0.951315620971
0.942201150373
0.802442395839
0.907784685224
0.856841441136
0.925771559214
0.864141122401
0.692287523906
0.783091062537
0.901591673498
0.785802390882
0.946092291165
0.815575968522
0.985750716056
0.660105172345
0.554424056319
0.692294615253
0.795928406502
0.968404985182
0.919445903134
0.921515569021
0.965339911276
0.428519068453
0.540307632788
0.499684211107
0.890435135253
0.882831079487
0.943469361979
0.861257920331
0.773529230277
0.85555748431
0.684897468591
0.916402795958
0.516534621416
0.401051345503
0.952593550104
0.921715835788
0.843638731898
0.874915059163
0.948455415762
0.925548940239
0.612054335326
0.936407265917
0.921039996679
0.76304389026
0.876526181851
0.364347516268
0.920666643206
0.830487215722
0.351823529685
0.73674102726
0.909563409807
0.8767882947
0.909548566236
0.926489398369
0.422478814085
0.233989483505
0.896933211425
0.156262032718
0.901477014829
0.980426446571
0.920897868145
0.877578283742
0.284255967663
0.865417956021
0.973260061846
0.714342215045
0.938705682572
0.923631554868
0.587168504999
0.785866519398
0.937081464664
0.870125240135
0.451186550123
0.919869341969
0.956379152426
0.422113122548
0.90255386815
0.191853345977
0.911406551254
0.659364897546
0.386335809796
0.0866372475546
0.752513034734
0.776742729753
0.285287442918
0.957783440636
0.236088724788
0.951582357
0.784485473086
0.925175947988
0.817666544724
0.969467223503
0.739704378681
0.711914117685
0.790348354441
0.937381296117
0.651138942097
0.92570252866
0.762085552162
0.834123682212
0.792825115193
0.767727240122
0.939522050346
0.490665151174
0.504024702084
0.872701072472
0.601996671317
0.78656459002
0.762047681624
0.788407944253
0.498909379982
0.191272618983
0.886127194018
0.943944409029
0.813160700171
0.732654824286
0.862573639773
0.279495926046
0.853804090649
0.264022927027
0.435501385788
0.960662700787
0.899502691188
0.885283680486
0.896876773872
0.846889240599
0.732417877407
0.328928662726
0.977792718304
0.538105798058
0.951648077202
0.94054889934
0.384399609481
0.968581547567
0.150438629198
0.218614070658
0.486226489398
0.698813209383
0.790846055474
0.297575040788
0.472922530607
0.961196674257
0.95807516915
0.934384268637
0.689752154254
0.610546204175
0.284601882856
0.830193568452
0.90338069426
0.936475650091
0.943002550995
0.91270185959
0.96421523343
0.826639196772
0.782252280585
0.879235975698
0.810078141959
0.974372244686
0.853696837022
0.343251207674
0.750555166894
0.880780066875
0.954554054345
0.20402572491
0.220336403816
0.967244640601
0.208661423523
0.918113894663
0.960165923622
0.911803483853
0.264724109225
0.971532129074
0.375576191842
0.678663657316
0.930265247911
0.815038142499
0.928851200146
0.091497953196
0.922447670951
0.888633146435
0.941101619413
0.629684246752
0.920040078699
0.595823818616
0.747365082734
0.459853593589
0.859020234841
0.47065560376
0.946838126907
0.920240378909
0.911347090696
0.768467468053
0.981835751325
0.528246240412
0.486088085325
0.95876160215
0.807288745524
0.925671982105
0.633737708221
0.953040851836
0.94917234321
0.68214470259
0.0946951963243
0.865202517484
0.817109047298
0.802152774567
0.939700265879
0.886913821055
0.980974565312
0.954733690486
0.348108044396
0.952676576759
0.816478946806
