Ada Boost Classifier
--------------------------------------------------
SIMULATION RESULTS ON THE VALIDATION DATA
--------------------------------------------------
Agent_ratio_0.75:		$792,000.00
Agent_ratio_0.50:		$1,245,000.00
Agent_ratio_0.25:		$1,047,000.00
Agent_nb:		$1,888,550.00
Agent_rbasired:		$1,245,400.00

--------------------------------------------------
PREDICTED PROBABILITIES ON THE TEST DATA
--------------------------------------------------
0.483946042169
0.499788854777
0.50655258669
0.500510444126
0.493646843183
0.508716013388
0.496455762268
0.498612276241
0.49224318716
0.504076695476
0.505377037606
0.500958173037
0.504571423594
0.498536573597
0.508963968025
0.503863945674
0.499572428819
0.512466376369
0.501213612443
0.537121441648
0.487642947397
0.514414783417
0.492552873748
0.539015281204
0.506109418795
0.502373673769
0.504805068558
0.506725440794
0.497829754586
0.482999007221
0.499522926942
0.538534044845
0.496762429724
0.501757326517
0.515536835795
0.500523556226
0.507533121416
0.497446598656
0.494232408783
0.499614951931
0.502075725544
0.489777921778
0.50464249646
0.509378409989
0.468867821194
0.505534071499
0.539522055764
0.512616544305
0.481569668566
0.509033982551
0.504932131707
0.494787272704
0.493144795491
0.514913486305
0.495242088474
0.511884186639
0.50257906658
0.497765781758
0.493836003591
0.496666859894
0.493898353834
0.515281368677
0.493713502993
0.500044595422
0.49742878732
0.495609705153
0.502684410486
0.497271509587
0.495841261421
0.492705635777
0.492073081316
0.51970910716
0.499949746754
0.512737449301
0.545841294984
0.499497672755
0.513404731616
0.515378534284
0.496379651259
0.498629498992
0.501054155968
0.501973262881
0.515228001813
0.491683160237
0.508516816651
0.501600607099
0.557639372787
0.494698145063
0.496172699293
0.491838958601
0.498672207771
0.494517896736
0.499663352058
0.512965112146
0.492334402911
0.495320492555
0.49086216326
0.501387077842
0.481964841338
0.495387767128
0.493961644894
0.494236749918
0.491184705104
0.507163765311
0.503541985174
0.501408337905
0.510042855585
0.550701360309
0.491996899117
0.500171285725
0.498941134982
0.500885559652
0.518748111246
0.497275013946
0.5073344588
0.487419949035
0.484655521606
0.491933997076
0.509545154171
0.518528110877
0.50309557051
0.503209579887
0.497500012802
0.506241636579
0.494973450515
0.502593140442
0.495115921869
0.507504311655
0.504888840804
0.502326826693
0.49457081279
0.485715264676
0.495514373396
0.498861677112
0.502531669262
0.497164773546
0.50163936466
0.500464451745
0.508742781201
0.500207600278
0.500338780834
0.500095611564
0.499825400166
0.504696333708
0.508094204131
0.496098764957
0.506621726071
0.494188005993
0.495409641121
0.501235811186
0.497255539368
0.507590709353
0.505534071499
0.496106766228
0.494028399336
0.486635353927
0.498093985514
0.482537984847
0.497823282672
0.503858124428
0.500792266042
0.521000432732
0.495752179178
0.519917480546
0.505366773477
0.494122626353
0.544209561147
0.500370123414
0.502420441974
0.492508437635
0.528486325621
0.494941004555
0.523555636688
0.516278025654
0.484966881975
0.506339075776
0.497736466308
0.503417323817
0.491138769132
0.500529150117
0.507350063556
0.49109188212
0.500043806701
0.496986684567
0.513590191169
0.505466667894
0.493001360008
0.499250704479
0.494932487317
0.504009550391
0.495042028862
0.497881851125
0.49539056797
0.510943860557
0.519375819621
0.494444421134
0.50199050231
0.504736487429
0.492755440441
0.496293356746
0.507587592781
0.499573889219
0.490621746756
0.50030913144
0.504677736149
0.506594590495
0.492673311079
0.50585280881
0.498434188767
0.499018021058
0.500737448154
0.505007312374
0.496402328826
0.50597983936
0.503022252847
0.49033652362
0.504991657433
0.504517401276
0.497224368165
0.490793992347
0.510879244002
0.500836470737
0.512237964939
0.498457068733
0.493031723801
0.492203709392
0.502703282644
0.514129489797
0.502205844468
0.47944433191
0.499858441824
0.514895104753
0.493954804585
0.50753412155
0.508154470802
0.508214681689
0.500820850735
0.499996540047
0.500054029047
0.501492455986
0.47460294248
0.500106490514
0.48629716325
0.500458517064
0.49699076523
0.502044936833
0.501568372145
0.517031972488
0.498931836297
0.500549116092
0.49796096244
0.494773994274
0.51790765729
0.499756715052
0.54356665647
0.489284867859
0.504009550391
0.504803773234
0.489744399725
0.504750046921
0.52615283504
0.493624350492
0.555586375789
0.51055341503
0.494512132816
0.499720427225
0.507935053684
0.444589047887
0.5308843569
0.496599274412
0.506724237907
0.493957447806
0.49861069334
0.502610502279
0.491250681956
0.504432159115
0.492076862912
0.505305788422
0.507625364931
0.503871530598
0.494187737339
0.505335716074
0.500469514053
0.521248343758
0.489236811641
0.49747539261
0.501381901609
0.497157289674
0.501033616161
0.492517858234
0.50137291717
0.496317937292
0.496095693742
0.492864698124
0.506223996827
0.505663725655
0.468067743775
0.491923654527
0.492941044649
0.494769212268
0.50163936466
0.505727410437
0.499018687468
0.493139259318
0.496577864375
0.505432601098
0.500927920002
0.493248943081
0.486173324746
0.505358416921
0.49129279768
0.520913471656
0.511568366138
0.503504752208
0.500507821768
0.496079469199
0.497942374789
0.510055812988
0.495994337276
0.507097208039
0.494920620267
0.488885258708
0.497939175135
0.507623333615
0.506522327048
0.505002941643
0.499202628952
0.497012697337
0.495498647103
0.517802794054
0.504965046415
0.5218637687
0.486395614204
0.501712399834
0.494274799464
0.532480763967
0.501619476287
0.491307615975
0.496054865556
0.49917959735
0.569116450413
0.502266781019
0.528352452239
0.50299949105
0.501966268138
0.492728659623
0.49918634555
0.496302198329
0.49951291289
0.489050628906
0.511177399148
0.516047901706
0.489247746216
0.508275243085
0.505358416921
0.5041487106
0.506594590495
0.503554993435
0.557176199749
0.476063602433
0.506794844535
0.49437756499
0.497210357061
0.501066127348
0.501116013045
0.495642021496
0.509492383297
0.492723746226
0.519092922476
0.493694633279
0.505892113214
0.513387119658
0.493734811294
0.504991657433
0.493078723982
0.502170510974
0.494436391124
0.504031780096
0.498349981241
0.498081467698
0.500541803995
0.496465923641
0.498193400329
0.508982445883
0.501465842562
0.498045262215
0.502274807045
0.496964152546
0.505046952951
0.492523404342
0.51354864349
0.516536261692
0.495141749893
0.498082554958
0.478772942787
0.502215806711
0.488412082085
0.496964152546
0.504512835492
0.500007997653
0.520030244289
0.511384585665
0.584526055424
0.490812249134
0.493008332627
0.511448737858
0.472336065175
0.491506417321
0.472048761687
0.498252540658
0.500564750233
0.505931356673
0.49467564106
0.504638168251
0.497206452414
0.500129632731
0.490296324721
0.497709853203
0.495425005333
0.495859257657
0.510665253286
0.49430826588
0.489833509912
0.503899827279
0.497325855134
0.490528735276
0.50334895395
0.510295143847
0.511218781681
0.5016064688
0.496601193373
0.499814114831
0.512429180446
0.50220050913
0.507431592242
0.499054514095
0.503716138601
0.497341760663
0.50418355302
0.502946407625
0.498272810306
0.504317639118
0.499816665732
0.492798116081
0.495855358508
0.508412757228
0.482209510283
0.503016882155
0.510548630447
0.502674977306
0.496517421899
0.512525163098
0.491539433042
0.495597264384
0.489719543669
0.511012378241
0.499593191054
0.500816107408
0.508175874086
0.493615373373
0.505229810468
0.5080923617
0.497314038769
0.507648109179
0.501228294049
0.505107812727
0.524380918802
0.506002045647
0.494799624445
0.495376718126
0.505869044639
0.50492677036
0.506839433723
0.496299605725
0.503062948864
0.50964285176
0.505472417455
0.497823108451
0.496727261976
0.499607088631
0.483697102746
0.497347963565
0.50179689307
0.504182141564
0.50247323292
0.502914802441
0.487215445186
0.498421251446
0.493970170014
0.486044151712
0.495395368257
0.495444016019
0.490254009944
0.494435447981
0.502204686659
0.494058281575
0.498722954828
0.504899266992
0.514198740319
0.50323285692
0.488980966016
0.495826334144
0.495581012892
0.494866608234
0.551029968122
0.50117491453
0.511359442186
0.502003442969
0.496971810652
0.502672293019
0.495943983061
0.497182012694
0.502035140508
0.492369807509
0.500190746391
0.50689255765
0.500761779124
0.504448601205
0.498517467568
0.488240792047
0.511596693722
0.498317202068
0.496833798723
0.505616382046
0.495269375183
0.49758321401
0.504099950814
0.49572278433
0.500418713366
0.483085960537
0.50325749196
0.506374022654
0.502950922116
0.47909990838
0.501207566547
0.498797476947
0.494157600915
0.493129413424
0.486008890914
0.510400136145
0.513685841778
0.502153228438
0.504609934455
0.49950360493
0.487170047854
0.490153976071
0.508224520989
0.500387562644
0.501791682222
0.504350562433
0.495697309313
0.514023356362
0.502221495689
0.498985839778
0.502691662157
0.504965046415
0.494654035243
0.515126927386
0.4874561076
0.490249392248
0.497042475842
0.491577343653
0.486339139592
0.491032290245
0.491377013175
0.498470997213
0.501023604394
0.511240226673
0.492024810053
0.490249762782
0.493608861145
0.490383246302
0.50490684313
0.484117334522
0.497369042581
0.491778213558
0.507001511391
0.495289598068
0.501863690197
0.489717188776
0.493898436826
0.503994679412
0.494306427577
0.504755489047
0.505430706429
0.502922751218
0.498429656783
0.497277983877
0.498043265918
0.506863856624
0.524051488592
0.498327537976
0.504310838763
0.483935628968
0.498414252497
0.498885267957
0.50338372283
0.500870242175
0.502766428039
0.512805353103
0.487025941062
0.49170764859
0.495495700264
0.501462081363
0.496390636579
0.502382454642
0.502689340388
0.503343874919
0.480498275784
0.500356051904
0.498812741835
0.496762429724
0.503357686717
0.50137553682
0.49433778736
0.50340743374
0.495779002037
0.493452603236
0.520085499647
0.500054029047
0.505077322654
0.493314651006
0.513403120924
0.507155716922
0.501734547769
0.503553473299
0.49717891877
0.48676916329
0.493185282103
0.501283680991
0.504525077801
0.494838445537
0.501579855414
0.513800009891
0.501349320163
0.500044975631
0.521496829329
0.510372311772
0.499211814003
0.475300596894
0.494492886673
0.484763294538
0.496158324527
0.506605873865
0.497182201626
0.492034539391
0.50521734418
0.5179018543
0.499450049489
0.495310146759
0.500801375746
0.488754484858
0.493972673249
0.494348896337
0.503202813648
0.495146155907
0.504674143385
0.489800896478
0.499099882238
0.492537833372
0.494027452415
0.501747276799
0.492071997868
0.489310268182
0.483106632523
0.491616729126
0.500434942231
0.497065985927
0.511931045223
0.460228426365
0.498111293577
0.504334596091
0.490053804186
0.498492206197
0.507341234618
0.504949650519
0.501618557798
0.51060415414
0.503059823547
0.5016064688
0.499214920527
0.494955892342
0.547700191321
0.503380602622
0.490261145753
0.504899266992
0.493235494963
0.519126527494
0.517902572936
0.487951265812
0.491248467351
0.477658856517
0.496767543493
0.507814448062
0.488532448379
0.497928157516
0.49950619613
0.484555778849
0.499755432729
0.509531815868
0.509220140103
0.493815171694
0.505338669014
0.495867677724
0.48621510049
0.50375403548
0.509367208943
0.501264569466
0.494130962934
0.509163645793
0.49681012294
0.514905711161
0.50577584211
0.563686493463
0.502398421824
0.487944844609
0.499032084762
0.567849191413
0.483736682714
0.554583340775
0.495124341709
0.494381817945
0.494004749506
0.495885869501
0.501388573557
0.476017329302
0.501565385917
0.500381381261
0.512036161401
0.507906417338
0.498405272534
0.504936350276
0.49001794997
0.489476609374
0.495454638953
0.496293356746
0.502335679568
0.50528340576
0.503255275421
0.558213571976
0.50135779873
0.500398932135
0.497902246893
0.509836102665
0.504205906225
0.510956301088
0.499343208704
0.5037901656
0.489589472173
0.51414057038
0.491292831444
0.496523222345
0.494611235174
0.496426016575
0.505771561671
0.492489761796
0.510845439742
0.489166411429
0.4885528017
0.477620969288
0.501706259547
0.502834093966
0.568601465332
0.507718750361
0.485709754403
0.499736845212
0.497340443663
0.489145629304
0.5050620553
0.49294110871
0.496327155027
0.497977198099
0.504408154021
0.506906441236
0.509404763691
0.496514155863
0.501440175307
0.506950081445
0.502294826684
0.517095397172
0.499305405381
0.499784337396
0.507472239329
0.488764378803
0.497541444781
0.497132765421
0.488787718401
0.486052979274
0.497709517721
0.509231341141
0.501904689534
0.512810066643
0.499169350327
0.486808450819
0.512424203692
0.509465394622
0.516936365231
0.505440771553
0.508816055936
0.508107374552
0.49798207626
0.499981039026
0.499747183043
0.498024653745
0.496946122625
0.494151267802
0.500179461056
0.501052082756
0.497923064088
0.487358861544
0.502274807045
0.505659929917
0.502630897085
0.50957061966
0.496857012853
0.503133438451
0.497829390622
0.493558570532
0.488915500919
0.504342328032
0.496097713362
0.502702782371
0.490706652811
0.487035020698
0.502615191266
0.494861048346
0.494670627482
0.494796738494
0.511352887258
0.497047890971
0.4986868077
0.495908953941
0.501551132613
0.502060212634
0.509051834284
0.499212959139
0.497469202892
0.469399114566
0.494585013676
0.508005251965
0.503444366595
0.505315367297
0.49856604945
0.502484180444
0.492385449515
0.500293474939
0.505750951282
0.497816109533
0.499186393935
0.498616414917
0.495050496582
0.513169271263
0.503328257545
0.546768155124
0.494524769456
0.502772133512
0.513167084452
0.50775996958
0.50442772419
0.509609878097
0.511668697731
0.531513698442
0.502717335315
0.493477082198
0.486723364732
0.501007780672
0.487544197677
0.507867308455
0.497764796929
0.504895631835
0.501066075448
0.496244777155
0.493173623532
0.501202596057
0.501546929946
0.489910132627
0.496563582847
0.51781402658
0.496459493774
0.493195085652
0.506559140026
0.506621726071
0.51554375463
0.511243058492
0.494134652078
0.498289425877
0.506518514747
0.491100305416
0.492592702183
0.499988531163
0.505079139983
0.510809667739
0.503815856755
0.497944345406
0.504994620124
0.503971083381
0.5060555864
0.502852588969
0.485991497686
0.519734099974
0.49046220554
0.505886926306
0.487663838994
0.500882168737
0.510475854962
0.517136548121
0.494249189517
0.514919975943
0.494818201148
0.507320490956
0.489788591496
0.502895122619
0.515352741197
0.493252859097
0.510367962271
0.500667856587
0.509234527998
0.497105432332
0.495202302192
0.516579426113
0.497703541203
0.497901424013
0.507189877472
0.496435938166
0.492132605909
0.494695320116
0.500853850409
0.498940448096
0.505704914386
0.501168071194
0.49430145983
0.499002680832
0.495010977873
0.506088386574
0.515940212653
0.498604841107
0.493824337977
0.513777322368
0.507468422638
0.498140016256
0.487286662058
0.506607536999
0.500996484063
0.496028253567
0.488231133014
0.487427342735
0.496734324449
0.496461721144
0.491887013126
0.498301550557
0.499520356432
0.501390078987
0.49699076523
0.497695024451
0.498515409928
0.508674943179
0.503635868544
0.500816107408
0.49620043584
0.480166084357
0.497444236974
0.500705932788
0.51176035531
0.49206036734
0.504644909205
0.502872565556
0.509136744953
0.494635517441
0.51301302257
0.498063925096
0.498472804892
0.501606439217
0.499088181028
0.507313324645
0.484866447284
0.500505748087
0.500665688232
0.498794508794
0.502542580098
0.50468578553
0.504380430167
0.50304586572
0.494738733546
0.52113989119
0.501244859057
0.503251848285
0.511722477216
0.498142724076
0.500230707281
0.496374107901
0.500210214651
0.511162599074
0.494423123651
0.50131411846
0.498709098422
0.496763816666
0.492552052239
0.505027807109
0.497533290151
0.500643719666
