Ada Boost Classifier
--------------------------------------------------
SIMULATION RESULTS ON THE VALIDATION DATA
--------------------------------------------------
Agent_ratio_0.75:		$-1,160,000.00
Agent_ratio_0.50:		$25,000.00
Agent_ratio_0.25:		$315,000.00
Agent_nb:		$598,100.00
Agent_rbasired:		$36,350.00

--------------------------------------------------
PREDICTED PROBABILITIES ON THE TEST DATA
--------------------------------------------------
0.471578226008
0.497955370835
0.502856856369
0.496446011772
0.489035004443
0.491831197428
0.49987225551
0.481211890421
0.497968439675
0.470926505826
0.474128428519
0.441626992617
0.491888296484
0.497480294959
0.493648477692
0.492600684551
0.481041235491
0.495567778726
0.507182713469
0.468508819691
0.437210001085
0.48188821066
0.498797677989
0.493874147512
0.439113615596
0.497008074592
0.43730799264
0.503246262423
0.443835042487
0.535913362414
0.497035017098
0.495912037262
0.479609637646
0.49678236231
0.495658125965
0.482841350268
0.473923680142
0.464808597291
0.480955087753
0.502897819742
0.474781780932
0.469218936115
0.49659761821
0.475054142684
0.494662365952
0.489113846391
0.480028693446
0.506580517207
0.494179990265
0.473297867514
0.500968298491
0.491283005496
0.486776299525
0.501719643462
0.496160133117
0.489454422744
0.501065835143
0.504538908285
0.484745343365
0.4793805109
0.489127732662
0.489193715095
0.494185883978
0.493099915052
0.482755417298
0.499526603048
0.491134710627
0.41135548828
0.498650518487
0.493642772504
0.500081186725
0.494364314956
0.496784552091
0.47272315337
0.494240819526
0.476542254984
0.482485851928
0.497513081831
0.463469244925
0.487830212921
0.49737313974
0.4838500838
0.488725257065
0.477278328969
0.508187667285
0.435467785547
0.490832881334
0.504211082061
0.475981794529
0.49350490327
0.491490550856
0.486054171206
0.488052910546
0.492045038203
0.474579512689
0.492551997879
0.497231079496
0.504034676718
0.502210398937
0.482375281326
0.502143271619
0.493767037958
0.492168060494
0.499320795697
0.503152631271
0.489930691652
0.481645863046
0.478952418023
0.502077853035
0.503013187899
0.497366229564
0.466665025478
0.49744347049
0.484086838877
0.5039228213
0.494084156319
0.483720181969
0.483258179872
0.472268703211
0.479665599016
0.491552369579
0.489945352877
0.467091651379
0.479073427325
0.498099111227
0.496090361849
0.473780429751
0.485520661129
0.480176592392
0.483984859292
0.494122746722
0.499653352517
0.480960069568
0.441854991923
0.499715819311
0.488073922379
0.437608724368
0.481410565508
0.469790386373
0.499275995316
0.46327804013
0.502868955885
0.477596217533
0.500011605522
0.494390708639
0.489707756604
0.494897754682
0.495491129071
0.42819590253
0.517421890354
0.480705039956
0.466624070018
0.49273243459
0.486794029354
0.490858417752
0.506812393942
0.501212849301
0.503857539354
0.498336282618
0.491026201707
0.488235576411
0.488776061625
0.435533931097
0.496944577862
0.495817355261
0.509708072073
0.491927459574
0.499256918242
0.513697426238
0.496439954955
0.489379280435
0.502819692126
0.499217516652
0.491718495619
0.502632448361
0.493520708567
0.491230106079
0.486393727429
0.493506104929
0.506889716749
0.486219462124
0.505680898911
0.486938131832
0.491542002915
0.4634861254
0.498316394924
0.454049297614
0.501150803842
0.488850680425
0.494993647748
0.498695232658
0.488824362687
0.494728028456
0.492166094047
0.496600237565
0.485214384421
0.486250536077
0.501885462571
0.47387221268
0.501150803842
0.500526270836
0.484577581406
0.484603768153
0.501910990738
0.482417120038
0.493524743496
0.49415337117
0.505377462092
0.496334788295
0.494049939424
0.496644196514
0.494837299503
0.464074332023
0.497536803052
0.499222103133
0.49457882499
0.493823017147
0.495410587371
0.493464091647
0.476104007653
0.484309371267
0.412313105797
0.509259295515
0.494292997667
0.481829850737
0.473201881686
0.490036477747
0.485892957939
0.495860229956
0.500659270358
0.494526935412
0.492462770169
0.488625394312
0.480281414678
0.483368756157
0.418017687986
0.496798981472
0.490654998909
0.503145080894
0.494445076044
0.492861897283
0.492220312395
0.487716399184
0.476699720936
0.481404696745
0.487646636971
0.492650286182
0.48631144134
0.492201664929
0.476175195869
0.422430673895
0.491040407193
0.47695232441
0.495102627338
0.502682162499
0.490239148605
0.49096672249
0.483441322737
0.488950056498
0.478620677606
0.499388360902
0.492668933864
0.496206508787
0.493860453396
0.507553981753
0.477262621923
0.476294518975
0.488835341891
0.497083332708
0.486647363548
0.505574173891
0.475228132921
0.48008137531
0.495222647383
0.495633617537
0.483719982691
0.493528304378
0.505536458221
0.368710998459
0.479765976786
0.485862322013
0.476828991067
0.484605499763
0.496195823052
0.487896193124
0.485397207337
0.492911299168
0.487918907842
0.492848135646
0.487928317301
0.491128640908
0.508285736495
0.508700000865
0.492545984245
0.497568402078
0.488736417739
0.492375732194
0.501209426949
0.498216251852
0.501488751842
0.485088008581
0.500156621289
0.484551472001
0.466257037835
0.484745037701
0.479581925753
0.512726119141
0.493167458407
0.427142772345
0.489820021728
0.492291432908
0.487755465843
0.47412344108
0.49558165434
0.486184337715
0.50056476558
0.48870500764
0.496149385884
0.49714874068
0.495997341095
0.476072617743
0.485646189495
0.50564857024
0.494929579388
0.494475423336
0.484902921133
0.452969379752
0.463094980103
0.500408832037
0.496352559733
0.503645578844
0.496230794445
0.478519161201
0.498168642688
0.491498135085
0.491830802995
0.412515158823
0.486376832263
0.476341531143
0.488852472305
0.481019066427
0.494994099934
0.495656323346
0.46773130789
0.49331958819
0.501848547497
0.449378515326
0.499526495916
0.490141687255
0.485634401863
0.492894417484
0.481311217391
0.494723029948
0.47860954488
0.477646045162
0.501864463368
0.498092307663
0.496205456535
0.491082247321
0.490613700698
0.486519096747
0.498390715867
0.490303228044
0.504512583676
0.497874700095
0.490749399004
0.497112590038
0.495042979038
0.500299044048
0.420806295258
0.487195664148
0.501172370603
0.498959189761
0.49130601467
0.494264964168
0.493746187645
0.473821710183
0.499423091513
0.489032537746
0.474679542992
0.496194352829
0.499710197675
0.487827774462
0.492910805778
0.490804407076
0.502305627282
0.500510363284
0.484877861832
0.506248414027
0.497352162885
0.489913239003
0.493222099898
0.485984387153
0.498279325422
0.481522874241
0.506762174859
0.488700057869
0.487302822315
0.491500430882
0.490980717099
0.489987016399
0.493129336263
0.483968583086
0.487066991154
0.502855973786
0.478702273057
0.488061403742
0.498171558316
0.50529118625
0.489030310506
0.492207754114
0.493306768037
0.491923316609
0.501621259119
0.492587512554
0.493360399435
0.492878841969
0.500239345663
0.45214597356
0.50209081406
0.506876749677
0.498672002783
0.49703838155
0.478319551172
0.497431459367
0.493533659294
0.503241213907
0.476724668173
0.466894295752
0.503406178122
0.492441246102
0.489173266551
0.495134115439
0.491723491634
0.508676556055
0.49326283872
0.498781249561
0.50402976088
0.492250365564
0.503797635325
0.49186874901
0.489792718632
0.495861415619
0.481537921892
0.501887588942
0.49332917643
0.423503442286
0.481861641594
0.507012735316
0.513248439908
0.496251777549
0.506480092208
0.492077037248
0.4886153252
0.49807199816
0.478388914032
0.491853722831
0.492627792099
0.494954015641
0.506924618365
0.494796662308
0.500780894578
0.494834997816
0.497727743564
0.494878749546
0.482798032508
0.498109315227
0.498917039543
0.502101360676
0.494423952856
0.498080550281
0.500780894578
0.486751636441
0.489794539686
0.495563228589
0.480728970631
0.502743868704
0.480567918264
0.490629443267
0.491888123402
0.496194352829
0.484157382237
0.481120448662
0.492235248424
0.488969498863
0.504092502254
0.499110296608
0.490081402201
0.416692321119
0.493804854928
0.495926458783
0.496194352829
0.494720359541
0.479845392735
0.483936879585
0.498742223232
0.501369939806
0.492045038203
0.488151008946
0.503751327011
0.493129336263
0.493018041481
0.485450220139
0.421376253945
0.488612723387
0.49415987966
0.494369823813
0.465992745664
0.486393020076
0.485505190419
0.474611354411
0.486152174767
0.473918945223
0.485305233692
0.480261516411
0.494362739288
0.493975928346
0.500142539528
0.480565196643
0.42934179798
0.503031528352
0.499760304325
0.442837688899
0.487289051664
0.493953180447
0.492049994454
0.490908923193
0.475543266288
0.502555748722
0.475290145698
0.495700513829
0.486162950675
0.490076070816
0.484196132207
0.43439966706
0.495124651556
0.502141694446
0.491032233717
0.486570177738
0.493893588166
0.494301278235
0.499586558431
0.493724125882
0.49387532503
0.489709339431
0.482968485228
0.47065344672
0.492298630037
0.48285450793
0.505885194758
0.500760033799
0.488626539871
0.490827885472
0.546270466252
0.494574053269
0.480800722073
0.500580669731
0.483763552225
0.494950854734
0.474480137761
0.510835284204
0.433216539338
0.486719259962
0.494807195505
0.482048010694
0.499750434997
0.50819332511
0.496716585907
0.487958837457
0.488335107711
0.488225367236
0.50276752706
0.499353785523
0.489347700647
0.486376754725
0.489760610604
0.511868217772
0.49359382689
0.50803709893
0.488524286242
0.498146384639
0.500101053936
0.488636485671
0.433748247511
0.428022626766
0.487001006449
0.495395471561
0.500470948862
0.486940682236
0.476948601312
0.486883563903
0.491369150291
0.480753284564
0.4938115726
0.467034047805
0.501626369969
0.470301665226
0.506269011855
0.483777734975
0.498889926209
0.478918946972
0.498437291379
0.497433139351
0.486812912207
0.497651699232
0.481946588079
0.469158908127
0.487640168781
0.484655009689
0.480524263245
0.483340646253
0.474050378761
0.490179646622
0.493790726134
0.486698880162
0.490239634115
0.487062510672
0.485076677361
0.490797029448
0.515147167737
0.482112015281
0.490771277387
0.500872024604
0.490043848354
0.471395758127
0.493524743496
0.474271194827
0.470800914329
0.486030704309
0.492428794558
0.482058716591
0.505937968492
0.440862200548
0.484727164598
0.499187535064
0.489555346653
0.496224665619
0.483559609831
0.517882183812
0.483564472408
0.500894897072
0.492420357503
0.50717081034
0.478053994387
0.473202893164
0.499073054439
0.496161447095
0.470088265873
0.504781357489
0.411387869414
0.490968299702
0.498316394924
0.478541630777
0.489228381651
0.432314097477
0.500450588546
0.496034631462
0.489728867835
0.483638836715
0.48874849524
0.486288106061
0.472257115747
0.490842332066
0.50205562886
0.500600830534
0.433993967567
0.494335629287
0.499431974426
0.492492043408
0.500699440621
0.506193538063
0.432926640441
0.493764695725
0.494408826277
0.492627792099
0.499758187454
0.472471404504
0.500703473409
0.498032318103
0.498810729083
0.480510243263
0.490209244713
0.494898519615
0.513262593172
0.489067761654
0.49419036567
0.478704013364
0.498354557375
0.518290141802
0.498989000719
0.498752631651
0.49183934861
0.495190090368
0.476628453728
0.496264857258
0.5033208513
0.488385781182
0.470041933771
0.476176390111
0.47158497733
0.501636170295
0.504015372427
0.490733026023
0.46871321555
0.499215588113
0.483035174715
0.492363563246
0.495419010393
0.50989194964
0.488238421652
0.506272714682
0.498040500233
0.482962916902
0.495034100127
0.504847479177
0.473021010495
0.504703110653
0.487918907842
0.486448349089
0.50253414356
0.494291643435
0.507024622592
0.487007420655
0.504677295312
0.487538520099
0.482963247372
0.494843994023
0.547516600983
0.488245741595
0.474488606247
0.494631481566
0.500033177309
0.493993254337
0.46607950594
0.476748860155
0.487139982926
0.493514962097
0.487245339104
0.493895128663
0.509363735086
0.481518478061
0.49469726163
0.499716321083
0.495864979873
0.493621637962
0.488992636996
0.491827233182
0.476130328543
0.484292671376
0.505325205052
0.480381628846
0.494856939062
0.49596458558
0.504082706377
0.496726828481
0.494668547253
0.490043319088
0.491944485474
0.430144314837
0.496705301475
0.49661619929
0.486234323683
0.494746537176
0.485563832038
0.496855323598
0.474252278252
0.49763043585
0.490515346608
0.481536580934
0.487117853598
0.488732092768
0.432963690069
0.492249636931
0.480434312732
0.480183788588
0.495706931898
0.485611064218
0.504432730037
0.43816173477
0.48976845956
0.490790253061
0.497762642012
0.489852621828
0.488316270188
0.47595061102
0.498462595265
0.494847950487
0.500510363284
0.471916609459
0.510631227646
0.49992437008
0.483364348618
0.499619422472
0.484465953374
0.495078335998
0.487967270487
0.502486067861
0.489515128962
0.496224665619
0.4798552666
0.484136714767
0.450154899297
0.489275810366
0.483350799686
0.49698200061
0.484319464411
0.470995607838
0.478943592984
0.501814174371
0.497168238098
0.49587167547
0.500642214751
0.507858206558
0.491075017107
0.50368899283
0.488443708323
0.480094834466
0.487752271827
0.484083135453
0.494907418044
0.487738177864
0.431078487292
0.486796183111
0.431153005656
0.497501312048
0.444325235959
0.480216109095
0.499606703536
0.506552537869
0.483887400822
0.503181785589
0.500544913351
0.4900693462
0.498649011869
0.4968029706
0.492073168416
0.487704315708
0.496202025055
0.484779637515
0.488521364682
0.47735754679
0.484626963171
0.497173143067
0.501748111636
0.512864420107
0.484350864606
0.489214811508
0.495327797762
0.482497902143
0.494175945849
0.459482705518
0.441615940497
0.497105173383
0.499812122767
0.489969032354
0.463797783709
0.494083162367
0.49481418292
0.486967303122
0.494125180008
0.481133469981
0.497678508408
0.489900911663
0.502809264348
0.494661668743
0.484570515907
0.503901161851
0.492339738315
0.502420298086
0.506885302383
0.483865358371
0.499525360664
0.50194367945
0.492092199384
0.490895552294
0.484478244313
0.504353662653
0.509297063763
0.496755882031
0.501797563851
0.493872386297
0.493185629076
0.498402887524
0.474345043172
0.494644546883
0.468263614476
0.43284569801
0.472392986495
0.491210366046
0.43620613958
0.499187546138
0.506390485988
0.494886762913
0.496196574695
0.492834579796
0.468133925615
0.496391009517
0.481319117344
0.474031438191
0.488491287265
0.485303704103
0.497782579341
0.498486937985
0.488739227513
0.497198193858
0.491041999072
0.489644107043
0.503791763316
0.4968243348
0.4929335731
0.495159916125
0.496612968877
0.495466276103
0.491203921872
0.496076856131
0.497001771638
0.468008152437
0.489127264202
0.495757537139
0.362952710326
0.499377614901
0.466257037835
0.47601160357
0.498895170589
0.481057578987
0.477804085608
0.488399775264
0.47419460909
0.499659862627
0.480710657078
0.489586323887
0.440716591688
0.482696784618
0.417121879653
0.499524885501
0.487875254703
0.44316397436
0.494668547253
0.489163911205
0.4965488292
0.502452250993
0.487065397259
0.491657062248
0.485473910323
0.490730315864
0.49350443412
0.492627792099
0.512772534982
0.484864028517
0.480335897232
0.493558248111
0.499119474749
0.479574805217
0.494609034265
0.495270559439
0.500624960432
0.502865586454
0.41819090106
0.500725465153
0.483268021503
0.482699915076
0.489986852845
0.499791680883
0.498581165433
0.50665321654
0.494178833329
0.49880087257
0.503408294895
0.490430751047
0.505006222624
0.485550400192
0.496714771975
0.492653535077
0.489525609276
0.487111620083
0.49345120922
0.495887476843
0.490415327348
0.509405725906
0.494431168155
0.481966563465
0.488493193148
0.485667078548
0.486252445517
0.507837960163
0.492759483647
0.504538327879
0.491813732924
0.489726282762
0.490637386017
0.556966947857
0.494368563228
0.485070195532
0.487399368745
0.495887741316
0.490304940024
0.430448575493
0.475091798849
0.495975179454
0.485663493699
