SVM Classifier
--------------------------------------------------
SIMULATION RESULTS ON THE VALIDATION DATA
--------------------------------------------------
Agent_ratio_0.75:		$-1,256,000.00
Agent_ratio_0.50:		$-35,000.00
Agent_ratio_0.25:		$279,000.00
Agent_nb:		$414,350.00
Agent_rbasired:		$922,600.00

--------------------------------------------------
PREDICTED PROBABILITIES ON THE TEST DATA
--------------------------------------------------
0.163782470699
0.0155258558505
0.123549456029
0.0970769630688
0.896957206137
0.0767620931219
0.0790513444925
0.0719764987753
0.0878360905755
0.0792966496055
0.0929332708517
0.278188305548
0.727610113428
0.549174753458
0.206622081657
0.0745006278338
0.0836066804489
0.53676585795
0.524086530826
0.337727180535
0.0514842263627
0.0640417343187
0.0509824650257
0.226844848864
0.649723779241
0.0843900819337
0.437512943351
0.305867852585
0.0653164058562
0.111743579035
0.137902857902
0.147329254348
0.555681557863
0.661221410792
0.0659005117898
0.073857256396
0.319692931676
0.137608580944
0.0463088437188
0.0929480313314
0.112805486206
0.174582695468
0.0314476135664
0.853768958453
0.680720938795
0.234118228337
0.168447892673
0.123772943502
0.857854858354
0.392707887525
0.552855113668
0.0111303259204
0.105590329565
0.175431337199
0.108359340922
0.0652712290418
0.0450041927986
0.0863289491314
0.187757528838
0.186626348095
0.0604965856184
0.385377192397
0.0447084067425
0.0496064600875
0.968502842541
0.0803430863391
0.0250094031529
0.0954965601897
0.125914559744
0.0627762276281
0.209767528544
0.0594798217302
0.174765049019
0.0804720909794
0.895343197119
0.231613089178
0.647475338362
0.133337480962
0.1163222618
0.286530770435
0.017702995263
0.0766985167738
0.0768230022444
0.138736460819
0.588107112724
0.112323044766
0.0517283891409
0.444295822052
0.083422703243
0.077728595502
0.128769524924
0.699074531969
0.106554410703
0.0479606535514
0.158599165043
0.284816075001
0.0684037209814
0.0805748661894
0.0760686103117
0.835873016503
0.133979389434
0.157984330494
0.627240137953
0.143330122132
0.646595243475
0.869282240454
0.106672474526
0.713552035988
0.0319883264034
0.913648247782
0.384272197032
0.113341351896
0.0528955383188
0.0694080115465
0.0810603298592
0.0972755415054
0.115312271914
0.131233631161
0.140179757272
0.0789956358638
0.825588312758
0.934350495934
0.157300158293
0.176177555475
0.127417401998
0.140902646897
0.0329201126708
0.892496673064
0.136123050092
0.493983081187
0.48184397893
0.515008369437
0.0295422792857
0.0620212837129
0.176615877253
0.0572012047203
0.0979683999664
0.049249364503
0.768206712314
0.0731041552171
0.682600738615
0.561994996523
0.208945104845
0.243130552047
0.277400918676
0.0188216280944
0.433002267716
0.14343312758
0.127584792986
0.0604066871133
0.0799764167225
0.128636654519
0.073098615308
0.549491632326
0.3089197836
0.0955282304014
0.746947973777
0.213905373417
0.131419095662
0.1868726036
0.0827393747045
0.226259119738
0.523905244819
0.574639426485
0.0537948857489
0.0240854289403
0.143578167456
0.227460963283
0.9970645995
0.0832034097323
0.0688633541821
0.15989039988
0.339842624872
0.71510501889
0.0667223959955
0.0766629690027
0.359713652181
0.971119882158
0.178290669541
0.341854963837
0.0841524594473
0.34081984559
0.161870889661
0.122812494579
0.423695985259
0.0600172621976
0.87467248685
0.0958606150729
0.748243159635
0.258595810044
0.13520289382
0.840268783786
0.0746458922442
0.0905806943974
0.127577121095
0.0309662096735
0.993863928909
0.193410577893
0.602854924702
0.0932686428255
0.243818995031
0.184625202209
0.0520277504907
0.0639587526131
0.0210541716795
0.0574970946119
0.766022277266
0.136046245393
0.939260158472
0.0679029282005
0.346774287111
0.126863020479
0.217899139215
0.578254698659
0.0479962159953
0.742416871506
0.0267007954286
0.917444328692
0.126138667134
0.351719954161
0.0551945290831
0.223767852846
0.208684586591
0.170113421614
0.859954749926
0.197363757173
0.0354052335851
0.453726408994
0.168905546593
0.0806138829523
0.0271065290151
0.0112848854234
0.121068508765
0.384971099286
0.480408165585
0.658344867292
0.949539284945
0.0903922128323
0.394276929215
0.0113264349409
0.201761282102
0.195803778955
0.882632015765
0.0818414332884
0.433121959927
0.130578149129
0.168657355575
0.133549420216
0.350035441958
0.0433947370403
0.443659238848
0.158573296954
0.0522796595505
0.304357645344
0.19378259115
0.170176957386
0.251877822061
0.0733507423803
0.220286961389
0.468257216829
0.0333090741143
0.203445677783
0.176422233755
0.0411187799698
0.0894735861634
0.0201030798799
0.0432457635339
0.138476534568
0.0504667473515
0.0555290424552
0.0893045210806
0.450239968743
0.978426278691
0.0535216995438
0.195226268363
0.0827986046076
0.340665999446
0.0605721381769
0.195866346467
0.593165474051
0.764234898876
0.146448053568
0.299116316209
0.187534505381
0.154850931884
0.186131581423
0.711264361519
0.0639196272532
0.110246982198
0.445818764123
0.0365780600755
0.44445864992
0.12133936951
0.715486506967
0.163338900349
0.435263387796
0.395065498117
0.051832687383
0.104817218572
0.0291365482187
0.841387772795
0.128053807651
0.0345112690122
0.0894705968234
0.305608527581
0.0257746388859
0.163065905151
0.019223369703
0.193048103241
0.0660338438647
0.0942925251378
0.430644927919
0.725806989912
0.622516739752
0.728521754641
0.287213333877
0.126412857443
0.0992920874318
0.195344893665
0.566970047002
0.154016344375
0.0989426615539
0.0989350155493
0.228895917558
0.132045790322
0.304920303633
0.830291828554
0.102725126168
0.0973214813839
0.35569251305
0.0609695509985
0.244755520182
0.51054103099
0.0956450930643
0.455722268168
0.0866870371809
0.88472335129
0.267517402201
0.0501588540997
0.127238539118
0.0151227843845
0.214539780665
0.0954145045428
0.855816856774
0.102892727213
0.0189798970328
0.225712099538
0.105285701802
0.331877841984
0.397493212779
0.438540306279
0.516342081006
0.0865147838197
0.0696960856423
0.367958332364
0.0167453712767
0.91518511937
0.0374055761228
0.0594119592071
0.27901235386
0.368564258412
0.606577496414
0.0328630404304
0.0733791864477
0.256495063323
0.0640985373649
0.852436009919
0.519386618953
0.109854343685
0.380639044752
0.0496742831058
0.0342072150391
0.61591608566
0.0158725440371
0.132398352456
0.0339408472885
0.327754291234
0.252799006568
0.225312417389
0.228914437156
0.0597246516551
0.52868314657
0.105185048007
0.0827754807648
0.230829018381
0.122796328151
0.145606477532
0.0696231254112
0.181620992757
0.201829999684
0.50779963238
0.295508693089
0.0201744596841
0.397756016595
0.166342233139
0.632493721534
0.116738789266
0.238812104493
0.036490155127
0.122888982549
0.0678103624534
0.309678117673
0.486395659595
0.129254719095
0.270439270151
0.0635962458931
0.948810454764
0.351844291803
0.179412794629
0.276162938724
0.268666476167
0.444735329117
0.611278210774
0.113333647743
0.14261972187
0.746951850149
0.0651567324044
0.291051810644
0.0914316398935
0.128230113251
0.538634862772
0.213211834917
0.418420001119
0.0330640243488
0.0881386524309
0.122649119545
0.201836657235
0.166425886489
0.550576844672
0.077079278101
0.213626320071
0.647218985734
0.107557445765
0.0909361237284
0.0791904182134
0.648536876954
0.196255915082
0.0823047257233
0.106394643007
0.408093955872
0.249337463816
0.289985483225
0.0311765632538
0.260672348783
0.0703660922188
0.0599167288645
0.0201364731672
0.367506954514
0.396578301997
0.10856637797
0.0737589010778
0.0315821641142
0.0956673114984
0.127573639818
0.16768082924
0.209569934558
0.608971175712
0.166150738814
0.048867680867
0.243403768943
0.249170270948
0.222689169483
0.582786636479
0.146309172238
0.0409035786865
0.626995322118
0.251169648408
0.207187644963
0.283840048479
0.224556847714
0.0835680046576
0.550707259452
0.492844851578
0.471568435003
0.337273065911
0.560248527805
0.0600199618666
0.425540666747
0.467924777906
0.0424775629329
0.135376806452
0.0486707099649
0.0192733045625
0.0618039134548
0.471997566487
0.258913206617
0.0708368269686
0.521521551774
0.126675778127
0.330048043449
0.41895755969
0.0826895513326
0.376639387633
0.133754696161
0.235437004001
0.0392678070057
0.381804784916
0.419314795369
0.209248598107
0.681185147244
0.0844599873896
0.130393515287
0.0506967557268
0.153369116832
0.301342542322
0.0613490591931
0.672797648037
0.0573072480919
0.534445171186
0.0380596818717
0.0940314526066
0.146452239879
0.481802355109
0.102733533135
0.64306545964
0.262794408826
0.429296314046
0.0343174419181
0.172403915495
0.248802493159
0.476903180427
0.476004245549
0.341853738145
0.846981011606
0.0984742879886
0.07529238455
0.153812536339
0.0505297267919
0.894178541752
0.0605639617228
0.0698294118799
0.0320170254566
0.102558288005
0.196155663766
0.13676906779
0.0755597544674
0.0204993199988
0.461626454724
0.967284381702
0.303452017764
0.0478092176671
0.765538859261
0.104479986322
0.365553056276
0.327969390341
0.236577186683
0.0584644221549
0.0348445336487
0.132524180173
0.976085614288
0.529063603378
0.0434119739774
0.396970907897
0.0827362741407
0.0947757461258
0.0237694947866
0.577793244638
0.304816201019
0.0612520431143
0.058418316467
0.0654163349045
0.0450869791862
0.172350543986
0.471582937462
0.117817544154
0.124095099261
0.0636361415986
0.280033454793
0.0756629757764
0.0604900121132
0.25794814452
0.0386534764421
0.0781831659311
0.281302500922
0.0465096696286
0.617157444323
0.176245547095
0.835295622053
0.0773933278924
0.98179773995
0.760796915782
0.134586816284
0.402912770162
0.111116934661
0.166523103042
0.115312968731
0.725349865236
0.177940575697
0.455721260697
0.105536797175
0.111064135575
0.109519700344
0.597055662114
0.209465642082
0.656601521943
0.0972539141395
0.14432616762
0.317163342675
0.25033184006
0.039722984319
0.115706649341
0.0208207879486
0.192220247424
0.0645683735879
0.10456566926
0.477857764941
0.0564184317336
0.167837048742
0.0603533776869
0.102326099805
0.0624506549341
0.131313463681
0.104247959588
0.665233893932
0.118615847112
0.966791265992
0.0480298844078
0.576394259109
0.982010750067
0.0610413097667
0.542270977574
0.239197246084
0.224852874193
0.485158428254
0.187936537283
0.118600438869
0.912808319644
0.348848507313
0.0425021924375
0.0574782707033
0.281795741249
0.123206043008
0.0605897884871
0.117747608288
0.17219398701
0.342579254809
0.424637459548
0.133187630214
0.214740272544
0.0507388735119
0.615991262549
0.410730109898
0.286694224989
0.095419324313
0.828986663852
0.112327157949
0.276810372491
0.219814399175
0.0673779579858
0.0402304214559
0.100266485697
0.0849354842448
0.134251955172
0.327943266778
0.285737929072
0.0795535837878
0.426342894197
0.430630930246
0.178602887127
0.0585066564922
0.448175161295
0.201491324775
0.574284656509
0.0945970689049
0.595711505743
0.0600883053898
0.0544597781267
0.135394924153
0.435797501386
0.982751987707
0.380864580619
0.233415599651
0.573388415199
0.345527623291
0.0762961017789
0.0755147772411
0.830119463912
0.194169789515
0.0607217383575
0.0926685840375
0.670509361484
0.214382030518
0.0962319586892
0.160098306628
0.108552022738
0.835249498466
0.0686259595874
0.0848669184981
0.511153759303
0.234694834226
0.029771788297
0.305501518527
0.926687131877
0.0342764158459
0.375978263773
0.187589474734
0.102722202471
0.013741940254
0.335753541899
0.323398481328
0.0399249101441
0.057380569332
0.0528138564296
0.894044851289
0.0333953643711
0.0531517623092
0.0555505626576
0.639759914368
0.645775588123
0.0953829273086
0.280788117726
0.481846138
0.416022119907
0.18605496145
0.873235210312
0.568147718673
0.176750933751
0.0705119155007
0.0146599249991
0.542866183895
0.373377785604
0.993033393304
0.776577775983
0.920931844363
0.455040146712
0.649772629312
0.0667215914887
0.309997767163
0.427242093882
0.0762769943805
0.336307622101
0.878028622727
0.0828181952847
0.212304223401
0.0600224492616
0.10591379642
0.212448744723
0.0280772797791
0.121958751506
0.158001487975
0.362455347182
0.237689951719
0.0744675260323
0.759267055412
0.166751347158
0.263682816598
0.0741127997912
0.0784221699674
0.12937183042
0.0185787775786
0.973565373377
0.0294278198685
0.19392166274
0.163354347233
0.810374623381
0.124888408207
0.112478797356
0.0923980151992
0.0288856019699
0.0465274711128
0.0554820845998
0.152619029738
0.761606616001
0.15071055528
0.0369467219149
0.632095061071
0.0970421583853
0.807798541114
0.0544297538442
0.0713962217455
0.0637058538652
0.61086751813
0.0608031193277
0.799552012309
0.987901939802
0.134419685813
0.233735804004
0.0346119232896
0.234031039456
0.0221597008091
0.507128711171
0.506701603183
0.118752796628
0.197191413456
0.116986518571
0.310631325768
0.0369130503855
0.0364323506383
0.0457315165761
0.0992635605934
0.763080032061
0.0650151478863
0.119909409353
0.189243503156
0.638420041797
0.856770502071
0.411685637656
0.383478833668
0.235037234469
0.0417083453839
0.0882122056793
0.171096325021
0.265183872677
0.0804495406012
0.0677209128992
0.990328658974
0.064877394657
0.256637896777
0.100811304748
0.145674931333
0.318425641138
0.233489285435
0.16413552558
0.866159863699
0.086801518279
0.0686665072269
0.863426866739
0.879042720022
0.228026465799
0.229075779361
0.0886400979253
0.131803616409
0.0507852855353
0.383665646727
0.248601054814
0.97254416972
0.131214878407
0.166723939417
0.372756115256
0.0822587989194
0.109206526051
0.991226732082
0.0923284187047
0.12973652015
0.0932905330742
0.303391129689
0.0146431800378
0.0768363127601
0.108081501677
0.0838963673539
0.211296110931
0.0682159641041
0.140804193187
0.168808550039
0.843987988527
0.0800943088266
0.679605088012
0.0405842512427
0.244228125266
0.0771960584567
0.57663671129
0.0307787851263
0.0849295801204
0.0430018652961
0.852746976759
0.143103890158
0.201290867022
0.136916128213
0.587967180323
0.737599658851
0.111790049941
0.16325272655
0.191447557221
0.777256090945
0.165245292281
0.814545328361
0.0886348355298
0.073146084854
0.428210369319
0.128116859056
0.171855948426
0.162419086166
0.18180917472
0.182934292655
0.0720239552344
0.733797081237
0.544383168663
0.0949874323312
0.647813473928
0.415256436317
0.123778216428
0.896012364409
0.018723288193
0.359302185264
0.447208168394
0.028633755601
0.510112363779
0.25297526305
0.197469498733
0.105546744645
0.14629773655
0.185305832914
0.0770875247133
0.669377372094
0.732402663865
0.0675982460813
0.181970007734
0.148625820753
0.151764438777
0.198475135366
0.240140885136
0.206561734605
0.229911932837
0.258065669859
0.0624485619756
0.117089058779
0.908003906406
0.85593312458
0.445569755999
0.0661507823621
0.0260030782247
0.0823944565871
0.0649411532369
0.436507712493
0.569930691344
0.128010605338
0.0855673322269
0.0880481458464
0.118958967483
0.0583616738312
0.105115476441
0.770548951186
0.182665086946
0.472487073858
0.125168310945
0.0274961470852
0.114701110336
0.0603351307304
0.115609408166
0.142505413816
0.0360281840605
0.0790594151708
0.0549208609952
0.124764428938
0.100897528747
0.0688943806368
0.154556419055
0.186805156206
0.0745591869273
0.939871785907
0.229837165219
0.0977017469377
0.0160718048969
0.0216867135508
0.165778137562
0.0628103544688
0.154713404186
0.0274177810654
0.989089439563
0.26673787532
0.592506141209
0.559411367117
0.309984848013
0.107299844979
0.179200473744
0.311480901242
0.483750280999
0.139866933969
0.0608210742317
0.084151003039
0.28960566211
0.117841848417
0.141692116285
0.795725239915
0.154590226144
0.0330722873405
0.314091651382
0.38514224561
0.0225711874611
0.0691928295834
0.0201403704338
0.523843384356
0.970193407703
0.0475523214388
0.0745114968442
0.157999391511
0.292834911462
0.162918060617
0.716277629619
0.165068304203
0.646332588742
0.03970137356
0.207545762625
0.356279845714
0.349570446435
0.192323740455
0.450366926084
0.0916002724451
0.135223241246
0.229590969339
0.520019364742
0.0738383335424
0.931550481188
0.24358212278
0.0383942350917
0.0859184376213
0.428907025975
0.124625855131
0.167130064626
0.167104361673
