Extra Tree Classifier
--------------------------------------------------
SIMULATION RESULTS ON THE VALIDATION DATA
--------------------------------------------------
Agent_ratio_0.75:		$-1,240,000.00
Agent_ratio_0.50:		$-25,000.00
Agent_ratio_0.25:		$285,000.00
Agent_nb:		$243,050.00
Agent_rbasired:		$408,750.00

--------------------------------------------------
PREDICTED PROBABILITIES ON THE TEST DATA
--------------------------------------------------
0.6
0.5
0.0
0.0
0.3
0.0
0.0
0.9
0.0
0.3
0.1
0.3
0.0
0.3
0.0
0.0
0.1
0.0
0.2
0.0
0.2
0.2
0.3
0.0
0.0
0.1
0.1
0.4
0.2
0.3
0.2
0.5
0.0
0.2
0.6
0.1
0.1
0.3
0.0
0.4
0.1
0.6
0.0
0.3
0.1
0.2
0.3
0.8
0.0
0.1
0.4
0.6
0.1
0.2
0.6
0.7
0.1
0.0
0.3
0.1
0.4
0.9
0.2
0.0
0.2
0.5
0.0
0.4
0.3
0.2
0.4
0.1
0.3
0.1
0.8
0.3
0.5
0.2
0.4
0.1
0.0
0.3
0.0
0.9
0.4
0.0
0.5
0.5
0.0
0.3
0.6
0.0
0.2
0.2
0.4
0.1
0.0
0.2
0.3
0.0
0.2
0.0
0.1
0.5
0.2
0.1
0.1
0.7
0.1
0.0
1.0
0.6
0.0
0.4
0.5
0.4
0.4
0.1
0.4
0.1
0.1
0.1
0.3
0.3
0.3
0.2
0.2
0.1
0.5
0.1
0.2
0.0
0.3
0.1
0.5
0.3
0.5
0.8
0.2
0.4
0.6
0.0
0.1
0.0
0.0
0.1
0.2
0.4
0.0
0.9
0.4
0.7
0.5
0.0
0.4
0.2
0.0
0.0
0.3
0.0
0.5
0.1
0.1
0.0
0.1
0.3
0.3
0.0
0.3
0.5
0.3
0.0
0.6
0.0
0.0
0.3
0.8
0.3
0.1
0.0
0.1
0.3
0.5
0.4
0.5
0.0
0.0
0.3
0.3
0.0
0.5
0.0
0.1
0.2
0.0
0.4
0.1
0.3
0.2
0.0
0.6
0.3
0.0
0.2
0.1
0.7
0.3
0.5
0.0
0.4
0.5
0.2
0.2
0.2
0.0
0.1
0.1
0.4
0.2
0.2
0.7
0.5
0.8
0.2
0.1
0.1
0.3
0.1
0.0
0.4
0.4
0.0
0.1
0.1
0.1
0.0
0.5
0.6
0.1
0.2
0.1
0.4
0.1
0.3
0.3
0.5
0.3
0.1
0.7
0.0
0.3
0.0
0.1
0.1
0.1
0.1
0.0
0.6
0.2
0.1
0.0
0.1
0.0
0.1
0.5
0.0
0.7
0.0
0.1
0.3
0.0
0.0
0.0
0.3
0.6
0.4
0.0
0.1
0.1
0.0
0.6
0.1
0.2
0.1
0.1
0.2
0.8
0.2
0.3
0.2
0.1
0.8
0.5
0.4
0.0
0.1
0.3
0.2
0.1
0.5
0.0
0.5
0.1
0.1
0.1
0.4
0.6
0.4
0.4
0.1
0.4
0.3
0.1
0.1
0.0
0.0
0.3
0.3
0.5
0.9
0.2
0.0
0.2
0.2
0.2
0.5
0.6
0.3
0.1
0.2
0.2
0.3
0.6
0.0
0.2
0.5
0.4
0.2
0.6
0.1
0.3
0.2
0.1
0.0
0.6
0.1
0.3
0.2
0.2
0.1
0.5
0.3
0.5
0.5
0.0
0.0
0.5
0.0
0.4
0.3
0.4
0.1
0.2
0.6
0.4
0.1
0.2
0.0
0.0
0.0
0.4
0.2
0.6
0.5
0.2
0.1
0.6
0.4
0.1
0.0
0.3
0.3
0.5
0.1
0.2
0.3
0.2
0.5
0.3
0.9
0.3
0.7
0.1
0.0
0.2
0.5
0.7
0.3
0.0
0.0
0.4
0.1
0.2
0.0
0.0
0.3
0.7
0.4
0.0
0.0
0.2
0.5
0.3
0.1
0.0
0.2
0.3
0.6
0.0
0.3
0.4
0.1
0.1
0.2
0.3
0.3
0.5
0.0
0.0
0.1
0.1
0.1
0.0
0.0
0.4
0.2
0.5
0.1
0.5
0.2
0.1
0.3
0.9
0.6
0.7
0.0
0.5
0.3
0.1
0.3
0.3
0.2
0.6
0.6
0.1
0.1
0.3
0.2
0.1
0.2
0.1
0.0
0.5
0.4
0.4
0.1
0.1
0.1
0.2
0.0
0.1
0.2
0.4
0.1
0.2
0.4
0.0
0.0
0.1
0.1
0.4
0.1
0.8
0.7
0.4
0.3
0.8
0.1
0.4
0.3
0.1
0.1
0.5
0.3
0.2
0.2
0.1
0.5
0.7
0.1
0.0
0.9
0.1
0.1
0.0
0.1
0.4
0.1
0.6
0.1
0.0
0.7
0.1
0.0
0.6
0.4
0.0
0.0
0.5
0.3
0.1
0.5
0.6
0.1
0.5
0.0
0.0
0.0
0.5
0.6
0.1
0.0
0.0
0.5
0.0
0.0
0.7
0.2
0.2
0.1
0.3
0.1
0.4
0.0
0.5
0.5
0.0
0.4
0.6
0.1
0.2
0.5
0.2
0.6
0.0
0.5
0.3
0.2
0.3
0.5
0.0
0.3
0.0
0.4
0.0
0.6
0.0
0.0
0.1
0.1
0.4
0.8
0.3
0.1
0.0
0.0
0.2
0.7
0.1
0.4
0.1
0.7
0.3
0.1
0.0
0.4
0.1
0.5
0.0
0.5
0.2
0.5
0.7
0.4
0.5
0.6
0.1
0.0
0.3
0.4
0.6
0.6
0.1
0.3
0.3
0.2
0.0
0.3
0.0
0.6
0.4
0.4
0.8
0.5
0.6
0.2
0.5
0.0
0.3
0.2
0.1
0.1
0.2
0.0
0.4
0.1
0.2
0.6
0.3
0.3
0.1
0.0
0.2
0.3
0.6
0.3
0.7
0.7
0.0
0.3
0.2
0.2
0.2
0.3
0.1
0.4
0.0
0.7
0.1
0.5
0.2
0.4
0.1
0.5
0.2
0.0
0.0
0.0
0.3
0.1
0.3
0.3
0.0
0.6
0.0
0.0
0.3
0.4
0.2
0.2
0.3
0.3
0.6
0.3
0.2
0.2
0.1
0.2
0.4
0.1
0.7
0.1
0.4
0.0
0.3
0.0
0.6
0.5
0.2
0.2
0.2
0.2
0.6
0.5
0.2
0.6
0.5
0.1
0.3
0.0
0.9
0.5
0.5
0.1
0.7
0.1
0.0
0.6
0.4
0.2
0.4
0.2
0.0
0.5
0.0
0.1
0.4
0.4
0.4
0.2
0.0
0.0
0.0
0.1
0.2
0.0
0.1
0.0
0.0
0.1
0.3
0.7
0.1
0.4
0.4
0.6
0.1
0.2
0.1
0.0
0.5
0.0
0.0
0.2
0.4
0.2
0.7
0.3
0.2
0.1
0.5
0.2
0.9
0.7
0.0
0.0
0.1
0.7
0.4
0.2
0.0
0.0
0.2
0.0
0.5
0.6
0.4
0.1
0.5
0.4
0.0
0.1
0.0
0.8
0.3
0.1
0.1
0.4
0.3
0.0
0.6
0.0
0.2
0.4
0.4
0.3
0.7
0.5
0.0
0.4
0.3
0.6
0.3
0.0
0.1
0.3
0.2
0.2
0.2
0.2
0.4
0.0
0.0
0.2
0.1
0.1
0.0
0.0
0.0
0.5
0.5
0.8
0.1
0.2
0.5
0.4
0.1
0.5
0.1
0.4
0.2
0.4
0.3
0.6
0.5
0.3
0.3
0.2
0.7
0.4
0.0
0.7
0.6
0.1
0.4
0.1
0.4
0.1
0.1
0.4
0.1
0.6
0.3
0.1
0.6
0.4
0.0
0.3
0.4
0.0
0.1
0.0
0.1
0.4
0.1
0.6
0.0
0.2
0.1
0.2
0.0
0.0
0.1
0.3
0.1
0.2
0.2
0.1
0.0
0.1
0.2
0.1
0.2
0.8
0.4
0.4
0.2
0.4
0.1
0.3
0.1
0.2
0.6
0.4
0.0
0.4
0.0
0.5
0.4
0.3
0.0
0.2
0.3
0.2
0.1
0.1
0.3
0.0
0.8
0.1
0.2
0.3
0.2
0.3
0.3
0.0
0.1
0.2
0.0
0.9
0.9
0.0
0.4
0.4
0.2
0.1
0.1
0.2
0.2
0.2
0.0
0.3
0.0
0.1
0.0
0.5
0.6
0.3
0.2
0.2
0.0
0.2
0.4
0.6
0.1
0.1
0.4
0.4
0.2
0.5
0.0
0.3
0.4
0.3
0.0
0.6
0.4
0.1
0.3
0.1
0.2
0.1
0.2
0.0
0.2
0.0
0.2
0.1
0.0
0.6
0.0
0.1
0.4
0.3
0.1
0.4
0.7
0.4
0.2
0.4
0.5
0.2
0.2
0.1
0.5
0.0
0.1
0.4
0.5
0.3
0.0
0.5
0.3
0.0
0.5
0.3
0.7
0.1
0.5
0.4
0.2
0.4
0.3
0.0
0.6
0.0
0.1
0.5
0.7
0.2
