SVM Classifier
--------------------------------------------------
SIMULATION RESULTS ON THE VALIDATION DATA
--------------------------------------------------
Agent_ratio_0.75:		$848,000.00
Agent_ratio_0.50:		$1,280,000.00
Agent_ratio_0.25:		$1,068,000.00
Agent_nb:		$1,414,250.00
Agent_rbasired:		$2,308,300.00

--------------------------------------------------
PREDICTED PROBABILITIES ON THE TEST DATA
--------------------------------------------------
0.997200662172
0.897992100526
0.863027575132
0.927395080384
0.161802761323
0.948502194409
0.60117175961
0.842410624441
0.414508954701
0.696396355244
0.290475211754
0.732890401332
0.985518569682
0.995258684715
0.484372647885
0.216392824096
0.143435102795
0.902315115179
0.122688415275
0.0383036201046
0.945031789231
0.126212843581
0.91855630056
0.5
0.555387812479
0.109143658096
0.554653911577
0.999999131038
0.0338938249649
0.590163945394
0.330117376303
0.89139854689
0.457798270877
0.750749387458
0.00463136277934
0.801676043814
0.286403735399
0.861431928302
0.293736163856
0.0146180919172
0.313751753704
0.912541887712
0.169796580207
0.71963659745
0.0535731171718
0.574037630232
0.976089921564
0.068473708817
0.862267395756
0.952388014652
0.681414521041
0.0213329728596
0.64636142297
0.870228591008
0.493374892549
0.155326122028
0.0853713452813
0.131876161116
0.522705953622
0.994041559957
0.619371889503
0.974526626552
0.0739158265379
0.645615427604
0.0580990837306
0.0136822390452
0.846003580686
0.996967849808
0.27118028879
0.938451907698
0.293172580379
0.0264611282706
0.999988265185
0.00524127787662
0.0937179651488
0.970619064229
0.967698304942
0.940834472669
0.98990291836
0.94181044783
0.434527161154
0.283224270188
0.166968014014
0.77643882792
0.00986565033105
0.152272478968
0.859535282529
0.0264073575538
0.0429674566713
0.55631572069
0.981777061207
0.91356769548
0.105022006937
0.971256902534
0.226647475817
0.531272029826
0.884362961449
0.252154904719
0.198061932087
0.985210685877
0.938127535345
0.00171909270276
0.380474776404
0.979283291708
0.887775332614
0.972678673531
0.844216603088
0.833521454419
0.574567076703
0.0175497250939
0.534672867336
0.954598315598
0.716687308376
0.536061612857
0.910071198988
0.0329081139727
0.723886968627
0.967557375471
0.999992788835
0.952535991269
0.278899041101
0.949325249436
0.794010863713
0.517182160876
0.136609901188
0.829589116948
0.804001802922
0.722863895026
0.260663388207
0.0223542924204
0.747780677241
0.976625302496
0.150834232355
0.295338535669
0.476688106522
0.898628903586
0.977805211582
0.318881553746
0.988031879737
0.98557922261
0.958145111243
0.699980835676
0.0378858671994
0.0306767689127
0.0858547127509
0.00509163923263
0.368707959451
0.212401299105
0.549922942523
0.661482678796
0.710096028637
0.994559754193
0.960091660168
0.25242675444
0.937900001187
0.992045627291
0.571907044079
0.896782374426
0.483185833239
0.0712334435747
0.974074227728
0.485573646011
0.00755439215699
0.0956317633643
0.959452059372
0.0668117890403
0.65447272363
0.979736803974
0.336892352406
0.892517494954
0.492542203827
0.0584374997184
0.938678427892
0.428809202487
0.189914418251
0.0952742995344
0.0497120989389
0.0699811348974
0.0343848551742
0.571081930437
0.00440020279996
0.987334425998
0.25774034499
0.134917760549
0.198108091844
0.269358194761
0.999997664495
0.990389950456
0.226233397074
0.858509077395
0.647090435854
0.047039254479
0.819279246897
0.305105753667
0.875578783117
0.993320679495
0.771231821484
0.0498395807478
0.999992626672
0.955142406466
0.263117961818
0.906780235898
0.78976668011
0.819953555862
0.0183743617385
0.35203704414
0.849528422906
0.456728210394
0.983869361335
0.307710144376
0.257700674969
0.230794378362
0.969188780374
0.990136287776
0.968377789893
0.924547382513
0.876433108058
0.451351687447
0.00346131810529
0.689812535613
0.242695005175
0.906927894042
0.130778886975
0.0134464572979
0.603151518667
0.0982437236187
0.91721854464
0.0233925396995
0.647895687866
0.902901608667
0.191178710156
0.891472760125
0.66066234777
0.866614435621
0.259084686037
0.448935984553
0.249806373874
0.0471277358867
0.000462547872086
0.987556164258
0.167378500164
0.152769012162
0.282912956569
0.0246566333085
0.545302909785
0.70138917564
0.00777657420235
0.9967549024
0.108430616677
0.0129405691783
0.673769094023
0.811273806942
0.691835012718
0.8873899536
0.133704461471
0.487273996759
0.979025730741
0.0562893266936
0.845976900287
0.707059388941
0.00522537397908
0.900345683575
0.912798829262
0.132298676508
0.166051444087
0.0843537796848
0.975051654279
0.174816152828
0.0840796626843
0.134243001043
0.0102812342867
0.0580499033364
0.989298476163
0.999981771923
0.98460102964
0.0633295816303
0.169723337378
0.653369438156
0.265192391868
0.901527013351
0.963740271179
0.262873865182
0.990862125747
0.937954920277
0.0143422235524
0.0791269261488
0.97261076191
0.979813026296
0.999992384023
0.965110634593
0.782469903402
0.943521671567
0.263539847053
0.00101131977438
0.655246171633
0.380790179868
0.844866285989
0.977332234291
0.853940289575
0.00375952002854
0.105220802836
0.00532051607088
0.931730684458
0.0198513088775
0.0945537560963
0.135931956311
0.965784500355
0.911634709895
0.663602402811
0.733002671072
0.00961551459095
0.342582690939
0.0407724202177
0.938776037073
0.87944781884
0.77082218409
0.0912919204835
0.302866148973
0.118723300729
0.350613344203
0.990704799773
0.121435227245
0.0311805683849
0.373929289193
0.10301794203
0.92962095192
0.735394383116
0.309864243305
0.756677995127
0.906365126024
0.0262061519505
0.270168637035
0.985631359785
0.982399378431
0.0082588256528
0.972935338855
0.0375368025092
0.933926643357
0.96244555813
0.430884122527
0.978774354678
0.0205355035144
0.824107921285
0.656097621332
0.970754238795
0.283313005738
0.0214259537378
0.98025347117
0.884525609251
0.138068441931
0.993969055996
0.839262137268
0.102250511724
0.742843511062
0.627099277925
0.988881730059
0.875942422911
0.14968898672
0.531752571051
0.87002369972
0.899179843714
0.646636548873
0.426153584635
0.383401518518
0.0559932717956
0.995128200916
0.933773693462
0.963140657157
0.00871578964803
0.996675925194
0.981423261812
0.724433323855
0.935387556577
0.708627341042
0.0109650675267
0.995478767208
0.290986600397
0.989403959955
0.695329431644
0.70241457927
0.275957088395
0.0204154721191
0.94305489122
0.515017076037
0.207016224476
0.947109330989
0.997084952191
0.921423037804
0.993737219308
0.0011406157918
0.487293331878
0.261880643399
0.201832380443
0.53794256184
0.996729789566
0.816872178595
0.0758449619118
0.0272064096694
0.371215772723
0.406531835359
0.285948456871
0.959000087096
0.991941893073
0.57527104455
0.095772604498
0.0073803852765
0.95884303775
0.56354440332
0.0435089357737
0.342817610615
0.939968560251
0.901370629241
0.519675314682
0.0919501079639
0.0571875087321
0.902441253918
0.98760706963
0.660633590253
0.763369675557
0.790786793162
0.138570787046
0.193789132209
0.657629502484
0.108209203896
0.484473910982
0.72781740185
0.17562505933
0.0215904509926
0.984309917685
0.906633259667
0.761525801609
0.730371486696
0.453768498392
0.636067931946
0.0238772745352
0.782673757232
0.00193676866465
0.77340465918
0.76960261534
0.996160503272
0.635084974896
0.899016612122
0.862176064408
0.930445167167
0.135858240272
0.017710140204
0.988029542006
0.167408992944
0.921957949809
0.988840907149
0.337176682516
0.336812820052
0.890920044797
0.947458157991
0.376504668873
0.150628122099
0.536353823276
0.732731179596
0.394123350451
0.371147338142
0.574159918293
0.700220191139
0.0149851400198
0.154757997255
0.692939792354
0.976156987769
0.936504171017
0.961687049868
0.201045824496
0.142613822068
0.893522796811
0.26332388145
0.984569758573
0.465573702327
0.782045845747
0.329049051268
0.37068855898
0.537220817707
0.975369513488
0.666607155108
0.0508350785515
0.952076011485
0.045263533111
0.959020679762
0.573635879475
0.142456333614
0.397831126862
0.782178523033
0.373062734822
0.931755053831
0.980560249594
0.519429817586
0.888407951698
0.901042250833
0.959309807768
0.150505464159
0.928346549431
0.964385807299
0.0259390427567
0.269212766323
0.821206894262
0.0485763637361
0.0636739342755
0.30922400081
0.00749511009075
0.862440653829
0.65962856626
0.00686872182717
0.0214134847273
0.951164360807
0.466555729416
0.0184126716199
0.0189719036229
0.976741459519
0.02237569579
0.996718602818
0.97989426158
0.188105445313
0.0729600901614
0.515174426789
0.999996551567
0.597676553713
0.0749349028602
0.0617288225823
0.181035508529
0.997395818249
0.296856567688
0.0880736599235
0.183231551223
0.49211651339
0.920868036893
0.921485845346
0.133895490064
0.856424103463
0.0354576179102
0.999995866118
0.600730404581
0.163006266528
0.0755331746701
0.0144536707437
0.996340333936
0.974326487988
0.00355306668603
0.736169391361
0.93082609093
0.00529709952423
0.984591501929
0.959310286812
0.182685119649
0.0148040124952
0.0216470304368
0.0123281311435
0.856066545752
0.82798868765
0.992378257491
0.98699125198
0.473180510042
0.101968709708
0.250880449871
0.0635985004037
0.00251598280201
0.963899834697
0.493967032685
0.967729085005
0.923525230351
0.0370758208793
0.989094073742
0.893398745678
0.584335058437
0.702704217504
0.0096558826489
0.879879190402
0.139832632026
0.39609394452
0.978569190146
0.982688586069
0.228105761351
0.032619031702
0.999986583926
0.971922453383
0.20847075874
0.152890376811
0.0966947612633
0.533338671374
0.0322764325279
0.191607319761
0.034717420876
0.0090963073231
0.746923031218
0.927517018811
0.655457557282
0.128961988083
0.0379621940712
0.287173450499
0.0333751406535
0.976035733293
0.198926302003
0.970820741532
0.463385368731
0.715560042772
0.993898799593
0.450505099352
0.0332484880034
0.05962521831
0.920235679294
0.230292207882
0.517352105326
0.442584936579
0.13309053655
0.956826822073
0.888451647134
0.108232321179
0.967688875784
0.983420753715
0.664101208636
0.783987184877
0.150903829949
0.978134833164
0.899743498268
0.755892969801
0.703905135584
0.97140118699
0.00335235972308
0.996285776144
0.972133272346
0.197378927687
0.955494620945
0.832135837206
0.53986238628
0.000404926360923
0.602755019873
0.920227474565
0.804963575974
0.857458971793
0.873456925726
0.661191981185
0.0458248683723
0.376170781849
0.122763337168
0.0689286184131
0.189974534213
0.991394700746
0.682387201148
0.929509863777
0.886618332907
0.984670863931
0.018254809852
0.0283537064449
0.0851339780822
0.941042713279
0.763582296929
0.831823785138
0.997234643183
0.262420825391
0.984439082514
0.623886219293
0.0133936478242
0.038688956196
0.0631403650066
0.654468036542
0.815421855457
0.365912030255
0.0481056618048
0.769132828202
0.0742789996906
0.755800200766
0.982546667648
0.977810910337
0.975577292268
0.229435878951
0.992387439119
0.345902711187
0.262199462852
0.118881139445
0.664571868417
0.219186151304
0.438539787753
0.865741736976
0.252755110609
0.280606845858
0.00831014684661
0.513808722844
0.523713522021
0.604399944365
0.947917902609
0.219223038439
0.0438160789711
0.777047699894
0.990458346521
0.765077578455
0.0101612555658
0.0867603045198
0.0600057710921
0.00300427883578
0.984322790391
0.39419220207
0.408530048554
0.00487183186297
0.0822535714973
0.0440216425651
0.708938551003
0.994006370524
0.895780444421
0.749444290626
0.194137681128
0.547033946195
0.732671314206
0.469988833268
0.0140716373546
0.960758098693
0.107422763751
0.00175040045102
0.96283638941
0.999996446969
0.0168592324
0.630604300344
0.229293219912
0.508120029082
0.168724887376
0.134007660578
0.0811219463892
0.673269246596
0.228480758071
0.0749364193171
0.82489068926
0.00709114516895
0.551603526201
0.0524565775684
0.025011715977
0.212416551802
0.00105940774006
0.858107368064
0.00982756080129
0.393066327907
0.054001802533
0.70699835161
0.946918482836
0.0060592238804
0.927235118485
0.0261235614693
0.0775198541001
0.88594045344
0.0110616718676
0.225508812895
0.960732921277
0.0379830843447
0.208652503357
0.72375208087
0.126480340889
0.738086961075
0.138613560293
0.728512134237
0.147674094509
0.00598973903253
0.9065347751
0.93585072095
0.000655625869017
0.431337416423
0.455723349076
0.507052887833
0.807703104097
0.866117195742
0.956315443071
0.95749029783
0.839211604541
0.175852998896
0.909350960569
0.596782496802
0.894383039847
0.230018021768
0.339154420594
0.792513393505
0.205356535474
0.110984789726
0.810580730901
0.812676374722
0.214636628987
0.0756160091836
0.839957802063
0.824918248457
0.86191609784
0.99999949852
0.726537957951
0.929514757141
0.855871796077
0.584722724011
0.565338617926
0.799270292773
0.852620334672
0.59712072816
0.0416473191631
0.0572232996852
0.00447864919569
0.415431044385
0.962293140177
0.00528281167598
0.932361733731
0.0345578343275
0.953623578821
0.286517720574
0.958549072609
0.978391757991
0.466209198908
0.0714804636653
0.242552015991
0.0181004353506
0.974549523128
0.956699027437
0.988959536124
0.00775770295706
0.00854401942568
0.212455664959
0.0926642643273
0.0164354366316
0.212966893719
0.282079441743
0.831451724563
0.908540523514
0.314521917233
0.911032161203
0.389190695957
0.0669536132697
0.17941326192
0.990490604936
0.697833071481
0.950843056713
0.881009813435
0.866391255928
0.105316120737
0.011004763388
0.573237035946
0.0236686176078
0.27348942988
0.909584315166
0.153171589515
0.0592240443954
0.511636505278
0.213302516737
0.867552801827
0.0176679059827
0.977237191746
0.935048268492
0.974754900976
0.910098169754
0.693346263917
0.208594890604
0.867529178502
0.474864964302
0.277503149855
0.875077019451
0.126007160286
0.551651571227
0.601027290288
0.46312620062
0.926872045964
0.155846301828
0.978543262036
0.0797781956752
0.877698476294
0.967321509304
0.799076767301
0.178522092408
0.990162490824
0.622300774697
0.916223383893
0.13836123182
0.464385917776
0.0240977554227
0.710444514734
0.546211899736
0.0428348397365
0.729875735097
0.849826919258
0.181205819789
0.0764537836611
0.309693566601
0.821040295294
0.845854975505
0.241474749743
0.932070819361
0.944157618051
0.0226644400031
0.991959703217
0.525241348096
0.921092181054
0.995029374408
0.0150526109976
0.00350826475987
0.136425332094
0.0199318607631
0.967828925775
0.314696826107
0.885434690893
0.710673767483
0.13336354843
0.705115066405
0.0655552415703
0.205034011199
0.0568578325349
0.975769422569
0.00131653481663
0.0405019908617
0.101463189672
0.337059432478
0.0109496540936
0.0254720042783
0.266063206574
0.96807210519
0.785525624172
0.960790394655
0.360987612258
0.0296370437484
0.628865188963
0.0157872587849
0.128192383169
0.94743701748
0.938779696481
0.374354539031
0.651418652118
0.983398710492
0.986490496579
0.0488860296792
0.00596799187448
0.0851301769836
0.59438633827
0.000463730400332
0.0127846816013
0.0523458279123
0.0115913807711
0.917862688764
0.113172985228
0.823173350103
0.834796086339
0.744040967655
0.785578661651
0.0306891998349
0.981556662784
0.42611274103
0.00454324782406
0.0208297749891
0.631256257611
0.986042259937
0.865698144083
0.599339920035
0.287961600602
0.651035099613
0.203881290711
0.193986965674
0.169329799678
0.122219982799
0.881315353161
0.813694081148
0.995962383094
0.153871049758
0.745865358055
0.0670970990483
0.512838396321
0.151634381877
0.949685459368
0.730191127381
0.140227825823
0.183264002098
0.938117423433
0.613972717811
0.797129443425
0.0302682561802
0.852083042735
0.153525038578
0.0358450207522
0.475756564426
0.645784363523
0.971717927513
0.0176491924019
0.0336543810392
0.172008879649
0.0309067183962
0.831550378915
0.970513727849
0.0645144824558
0.0304178309907
0.308615529412
0.804934722363
0.0601695335879
0.0466702769223
0.94581592644
0.766776031588
0.987947676404
0.651296738713
0.94717053692
0.0117625949421
0.970972779199
0.96513558991
0.0654488162851
0.019133345345
0.15951490548
0.0167259461293
0.212609204695
0.220377708994
0.0618530841109
0.881673914677
