Bernoulli Classifier
--------------------------------------------------
SIMULATION RESULTS ON THE VALIDATION DATA
--------------------------------------------------
Agent_ratio_0.75:		$-1,104,000.00
Agent_ratio_0.50:		$60,000.00
Agent_ratio_0.25:		$336,000.00
Agent_nb:		$843,900.00
Agent_rbasired:		$843,900.00

--------------------------------------------------
PREDICTED PROBABILITIES ON THE TEST DATA
--------------------------------------------------
0.492233485851
0.0343226125925
0.108697301074
0.370047925273
0.397905110372
0.416887072388
0.356794126429
0.0480774907553
0.128462821322
0.260610782424
0.120507907714
0.10018424475
0.469595540049
0.131849734571
0.106412131659
0.125148616145
0.300083217088
0.326261877161
0.400800832592
0.0811665126819
0.0429569176965
0.18129262932
0.259905431626
0.267378039124
0.479576414845
0.0701604724907
0.112656253899
0.611438998328
0.213783713553
0.377496326565
0.353816644457
0.111597699742
0.216487938896
0.199756739743
0.29712390043
0.25829097868
0.714553973347
0.23692970454
0.370970105013
0.137587152149
0.130708045336
0.403223737652
0.520524474069
0.221887961635
0.404339740174
0.166150642604
0.267340698231
0.52487967049
0.489226448222
0.0515599074774
0.562795452453
0.466231744419
0.369972377207
0.0666745443048
0.04352682996
0.0636697420096
0.243898503197
0.0699324873277
0.384706790484
0.502122105245
0.246312841877
0.158865173061
0.148403462099
0.15275404614
0.260856754437
0.2939806147
0.172445913398
0.344217677412
0.403814246074
0.668587253924
0.0682110571079
0.400453075764
0.129462420639
0.129202201484
0.359033964474
0.131849734571
0.232914294917
0.0852573841955
0.402996548853
0.496457095292
0.0923927646675
0.259331095836
0.374971952571
0.19734254716
0.567388477575
0.215127693859
0.132691425334
0.202242923719
0.640932819058
0.0602709526325
0.190592863408
0.371259181027
0.345381702742
0.276014364811
0.200844866597
0.139521233267
0.191238064743
0.337000417984
0.204652571797
0.0475519314757
0.0721659868402
0.274921675948
0.620300637718
0.235857658057
0.329014803513
0.269108462431
0.151630046701
0.547230194794
0.194012932938
0.115888069788
0.332362607423
0.237905357362
0.575361764318
0.37877330731
0.188746304805
0.34471687918
0.14670625884
0.185952760919
0.218232359019
0.250769140779
0.189899041379
0.720387320638
0.376774562911
0.396250408101
0.164289669642
0.230177914044
0.0458913064129
0.293471493987
0.104481815785
0.356218830292
0.544568509467
0.333720268543
0.305730190183
0.197048164768
0.22971639735
0.0605481210049
0.11473026124
0.103096542265
0.0477093972504
0.12996805145
0.407938376195
0.597475693931
0.122623962951
0.571136932339
0.0803765885511
0.128918769684
0.162705330854
0.189905740374
0.0654123778476
0.0293075201503
0.109339090324
0.269205838787
0.388217525809
0.0577015544265
0.110383264161
0.652370066064
0.504964993946
0.271592290767
0.0872693304741
0.221791662034
0.264457187571
0.276819706089
0.319582408456
0.377047622296
0.0652799851784
0.130898151244
0.23372160036
0.418661296924
0.221616311769
0.209350707025
0.280060012431
0.0347764856299
0.502820798626
0.191695871298
0.223835703244
0.364042487742
0.162043026952
0.440060768416
0.0816071605885
0.544873201038
0.303910763682
0.224760873269
0.0506331202761
0.105064507687
0.0774385283091
0.205933852981
0.172951503703
0.156478156722
0.126601883546
0.399007359906
0.218168024281
0.357812657982
0.673421573578
0.224760873269
0.0793458975576
0.0709981440431
0.108750165068
0.328216469619
0.190631290644
0.45199144248
0.1030834109
0.308020938129
0.290232454081
0.179473526771
0.25896204738
0.414532817151
0.0890027823875
0.0362233109701
0.309612752906
0.341794910944
0.47353428868
0.385128721062
0.104272928757
0.362620378941
0.745986743603
0.163983106196
0.603918884114
0.492575869904
0.579765202105
0.30188710274
0.299259962902
0.33721409274
0.258035324004
0.187008347552
0.507048790613
0.168951315766
0.285254119486
0.419184003833
0.164981357428
0.233524756024
0.350726108901
0.38855927763
0.0583843658169
0.417576147768
0.10210201641
0.22637315365
0.128295974388
0.174668794263
0.163772885431
0.294457088072
0.22154165708
0.610719468903
0.065774771653
0.199831852738
0.142568085194
0.562509795916
0.149183387982
0.268742980391
0.211087530046
0.113585430101
0.286174981583
0.0860353902247
0.255509397154
0.346730088651
0.0235128022792
0.366576695121
0.0719237417815
0.223189307712
0.156086648205
0.198863908113
0.13806455629
0.619134709789
0.0423860058925
0.214906929755
0.0388069819299
0.37292846747
0.303865691714
0.374926875806
0.13331088034
0.0866634737028
0.229912130893
0.171823152136
0.230165982079
0.492292776254
0.164434648971
0.192313813939
0.173266543826
0.236532595039
0.207061265363
0.457234100106
0.0513233312087
0.479851427679
0.229674773558
0.0574335020239
0.129743104043
0.32250012526
0.187244634419
0.322016563379
0.423198846324
0.190351275239
0.25631176224
0.339184077689
0.0885718271267
0.268542370749
0.217522292588
0.494600179675
0.410835096094
0.119208522764
0.507625016219
0.140662221518
0.360210653451
0.07392928519
0.109172699871
0.0534778823976
0.219597529388
0.161062962842
0.272177029868
0.186437719813
0.201528344018
0.0625690056725
0.160959972374
0.118040746043
0.310912315802
0.190102917562
0.261034822598
0.261209828721
0.523179173562
0.188306488325
0.268536463038
0.116140178715
0.540645637136
0.093696051631
0.371515689392
0.482130742028
0.147413770938
0.425543312544
0.197762968828
0.348761596602
0.304582126809
0.449986480331
0.0633736026689
0.436289799796
0.332584854238
0.0394968171165
0.0691676873705
0.501060636989
0.21303673844
0.152859831211
0.66354637773
0.217973761332
0.214943252263
0.0939849148922
0.56220742472
0.258910117596
0.762272930334
0.201818667919
0.323705105252
0.0540500136625
0.63001644463
0.114457011742
0.118036860679
0.244193327038
0.495957997262
0.4304827493
0.223749713384
0.350033002957
0.397556307207
0.233304789364
0.273580190862
0.298878118387
0.070502710984
0.142201868409
0.0977385522544
0.153294157787
0.379732645373
0.176379568851
0.301685496949
0.318835517521
0.224925808841
0.234332086588
0.0840338191261
0.340520573901
0.163352881793
0.277595762066
0.118663477059
0.309342328783
0.282930600702
0.217187325168
0.232736456683
0.20304469789
0.464942360354
0.284639487104
0.0891861839125
0.137024949952
0.133474256174
0.245898218061
0.853757249094
0.260326868477
0.336857904028
0.120772145743
0.293517044574
0.508419676729
0.0878524604943
0.785739397324
0.147559377136
0.707582752067
0.475129496665
0.0630667791944
0.440807142991
0.249511730775
0.276009406418
0.0847704777444
0.259080158529
0.0855783045522
0.187829402987
0.166806659525
0.116373013139
0.404927473503
0.110554950888
0.187552549525
0.519812117786
0.201540606605
0.171892510277
0.124520096882
0.188480148744
0.242107405222
0.23723887093
0.272980829871
0.0904200623686
0.266052958891
0.180093642881
0.27278005033
0.116489029022
0.350295341913
0.74216846397
0.189005182206
0.11430820007
0.450170492142
0.186270877296
0.146580557332
0.312696659408
0.270582549972
0.318030165608
0.177498366922
0.157015380985
0.242167490075
0.172255407409
0.282249637299
0.25087436083
0.235171131185
0.139643283242
0.130441880967
0.0492779060578
0.511916723747
0.0617561832614
0.072770679807
0.667433806897
0.239342616754
0.40444033843
0.584835348887
0.211942861738
0.237562761372
0.156248410293
0.138807548481
0.150665777224
0.445837912262
0.605333910447
0.214425582239
0.572526947717
0.136236173395
0.211037228061
0.0737878159413
0.327081251947
0.173125749849
0.309485123739
0.305630824833
0.260253337843
0.26747512275
0.212470534817
0.356851932793
0.157245758397
0.291084207661
0.169610542307
0.228396434231
0.26568647921
0.110805747637
0.315453497021
0.457767766315
0.0907838324975
0.24408239386
0.239843806158
0.0449722108174
0.602002210415
0.125528529089
0.257202007185
0.219136950236
0.106654550796
0.267373485467
0.0887466082887
0.48163100594
0.20617788929
0.426150153175
0.711675754629
0.266038299785
0.171178321503
0.412279194858
0.482869152995
0.140675308625
0.0591556071236
0.826237859264
0.06522292818
0.105277168314
0.0981541205693
0.172398046345
0.0517992390957
0.518179498031
0.365586069881
0.0803148412656
0.160867894085
0.533260236671
0.126047316611
0.170305167684
0.464703178433
0.878798015349
0.161896771763
0.285128667918
0.269731479518
0.30703517882
0.0832395684848
0.313620034806
0.446088614293
0.292306474839
0.21246057571
0.463606461047
0.105645634748
0.170509730905
0.276815983017
0.169106019076
0.335605935788
0.115909807018
0.720241768064
0.100322106763
0.100394234169
0.0668592983228
0.817519629672
0.354576524673
0.101794343065
0.130809205535
0.193382802198
0.234886716349
0.330109296103
0.0815465448694
0.326925007771
0.270599848829
0.207247139764
0.272420486596
0.10668530781
0.0897988326528
0.324910798175
0.217868999658
0.0927012004786
0.19161500829
0.350410788435
0.194278690613
0.149259123967
0.114503820584
0.383985013582
0.242082388792
0.118946439782
0.0582715145911
0.315276537844
0.761949894073
0.50665202402
0.197083722897
0.17805038641
0.150508877761
0.127593081858
0.66998353788
0.134478770455
0.429128767818
0.181295560085
0.0470026931882
0.0895251167234
0.181618865054
0.114345145066
0.162608147638
0.0975683359974
0.0517434386698
0.229290534973
0.613962201273
0.38452393017
0.274828147751
0.277715025129
0.670899996654
0.11457162861
0.0778934886812
0.481703248387
0.13331088034
0.526917350582
0.540411689645
0.0953329710839
0.239544373351
0.311119898372
0.499345149354
0.314040944928
0.508028566789
0.259101275413
0.0478110203811
0.149036592374
0.549602067522
0.255695689313
0.34946645132
0.152037781528
0.195993263198
0.16965658025
0.241524179851
0.149046290419
0.3050061254
0.11524955877
0.4352763896
0.610695001934
0.203208285577
0.503759242504
0.0820576940553
0.036206021623
0.0383030590387
0.212098396465
0.0796368447968
0.133923896641
0.12199315386
0.0351721175715
0.199431224445
0.491162288592
0.330957418333
0.329976574629
0.490150244123
0.224346806913
0.426949364391
0.171574772785
0.388949095058
0.0345073931761
0.624101549637
0.0538764963429
0.381084232612
0.236356970358
0.113272703061
0.166568344138
0.200486455357
0.144569616767
0.370889658654
0.683958952921
0.118155251845
0.058923620953
0.442608709778
0.135607397939
0.370258550069
0.214049966185
0.36215486168
0.156294505125
0.509651424669
0.482022353926
0.150997523753
0.135427984254
0.0641629278208
0.254485718238
0.0948576741352
0.388497979413
0.544186659397
0.281475458689
0.587600815241
0.0948576741352
0.341563620426
0.0973051115167
0.113564172171
0.123018573611
0.350846961339
0.343717605954
0.0842439181374
0.0877511087979
0.210632032517
0.26907554058
0.194759159978
0.394480066185
0.198225019059
0.138055967646
0.0401455470593
0.443293088529
0.248135853337
0.0896430798839
0.307618824275
0.169617763855
0.14126130203
0.162245780601
0.224108433149
0.0679868026939
0.238324929072
0.153119126557
0.125171937796
0.2875587506
0.141917793016
0.410825261119
0.359834673734
0.0604211428639
0.500207736825
0.0722274344337
0.538103991306
0.274558368694
0.251535680445
0.122828600469
0.625663772315
0.211038150608
0.371594524105
0.574082437275
0.382942826171
0.171075502807
0.840775210166
0.0672612673238
0.112178505063
0.0431399447915
0.145346690535
0.187489690452
0.362181187606
0.166325418414
0.285892868008
0.623042190675
0.305790748626
0.531415193097
0.158237393504
0.132454580798
0.333199800666
0.0984833766384
0.139186022168
0.139306722493
0.0841990868068
0.164497381392
0.286201168745
0.14398359694
0.128952879607
0.082216602945
0.5332200001
0.637047140436
0.184741807302
0.17140949909
0.474870092741
0.0318464807718
0.0321224818753
0.0408318198386
0.279248626751
0.196381648031
0.176884673123
0.229131130315
0.0948724607167
0.228370271625
0.423829672629
0.109159453969
0.156035309973
0.204529451068
0.150493098167
0.309893927574
0.416130942983
0.166973580548
0.247746041736
0.166185492798
0.586354245966
0.349770996412
0.32144150859
0.733524626461
0.187489690452
0.238301390977
0.310042010672
0.0847293130752
0.230061202154
0.0684672937636
0.301727942759
0.197562175306
0.210298316641
0.229983997689
0.41505976079
0.0381897959279
0.506804195014
0.057638980176
0.336192418696
0.133922578042
0.370463007436
0.342760030342
0.149552857392
0.345004980382
0.233650331445
0.393041791587
0.120188315445
0.267962088799
0.138406832508
0.529976056306
0.207137484279
0.180801214709
0.228444130427
0.176999717949
0.288780766862
0.332227449112
0.246758296233
0.383538810949
0.165063736163
0.506809737757
0.273179549845
0.43936855312
0.440636666007
0.190663298124
0.0775207373275
0.0358587246529
0.339938948736
0.250359509331
0.0889487599031
0.0647513441927
0.235017916791
0.0490417306742
0.349786965852
0.0970968822578
0.148719118039
0.054180978414
0.407069831092
0.398463123767
0.131241907929
0.117822561035
0.449249168629
0.358906577923
0.207172478582
0.436987767137
0.242369814738
0.467968875133
0.286818836576
0.167182063373
0.27731382679
0.436139622439
0.35407075966
0.103391672182
0.122470023747
0.165429152527
0.213839639579
0.215674732265
0.165887600511
0.20011488514
0.104320553701
0.130759194043
0.371402003007
0.222773120984
0.721396583902
0.527981632907
0.51049674113
0.228174030438
0.681170873618
0.585881054634
0.269306358774
0.693724031296
0.142467030037
0.272896678798
0.131371457485
0.22854377289
0.262631707491
0.636630910174
0.138693422935
0.244013052363
0.223220558579
0.0583456442987
0.308014134516
0.307631770057
0.104993145385
0.405351092547
0.106117500067
0.272493225407
0.618671635176
0.142362881963
0.182058718804
0.137322228
0.218950319005
0.286939200693
0.216554928104
0.261064830121
0.159393091299
0.787375668927
0.143860719448
0.654089834605
0.32591994254
0.192079991197
0.37716891641
0.307258010765
0.362286149043
0.601016193491
0.128274220658
0.676921865495
0.161963950522
0.173516018122
0.304289129373
0.371803413494
0.285869599904
0.0393704519446
0.229047724612
0.173931205247
0.520202707157
0.0703343799828
0.0888188523442
0.586481424803
0.204529451068
0.0422123372663
0.190931674026
0.501488152471
0.230456036379
0.259230172133
0.402298588211
0.122380531509
0.240023678493
0.153507540516
0.541037667379
0.097145200081
0.395633831744
0.267877201673
0.107792959975
0.553154143608
0.245865831094
0.0969367016962
0.205779644365
0.608385108122
0.524738024226
0.212069030289
0.0841942765104
0.366509147877
0.0775816832962
0.0593726998532
0.0641608796647
0.303041034878
0.450955097626
0.351777914175
0.49124435346
0.351364114501
0.267421524113
0.171714030872
0.505224317411
0.240401866516
0.259760591608
0.11284468514
0.176512918471
0.652608293127
0.241409223954
0.646901141394
0.18690082952
0.15249322881
0.489565582206
0.15705079678
0.255895691549
0.588968243543
0.122428045422
0.509363117365
0.0539708493926
0.334978384621
0.453194795169
0.0601444465986
0.146238800222
0.102537777335
0.101770532522
0.206378216848
0.102644507938
0.0971752320989
0.0685120450114
0.30813803829
0.480751304192
0.180865172255
0.41207309766
0.172664607026
0.0611512737158
0.0757244409308
0.161546718681
0.414873120396
0.0308056838815
0.270124601705
0.291638611519
0.112854684509
0.0417279915094
0.0907286867215
0.0770873961367
0.401081937492
0.0996751254227
0.256394800335
0.185351439233
0.469305541583
0.124821826212
0.0727186380443
0.316843912731
0.163961508422
0.330185009428
0.684744661686
0.123190284654
0.171574772785
0.192102489136
0.109152626112
0.332457856338
0.335476342628
0.173978300313
0.179674506987
0.0907049378406
0.828436157474
0.432228018758
0.0397716578064
0.350358525669
0.1505784308
0.235288527099
0.197646172112
0.29844084091
0.665387873841
0.357626849585
0.221741212974
0.11540605465
