Ada Boost Classifier
--------------------------------------------------
SIMULATION RESULTS ON THE VALIDATION DATA
--------------------------------------------------
Agent_ratio_0.75:		$808,000.00
Agent_ratio_0.50:		$1,255,000.00
Agent_ratio_0.25:		$1,053,000.00
Agent_nb:		$1,627,850.00
Agent_rbasired:		$1,260,900.00

--------------------------------------------------
PREDICTED PROBABILITIES ON THE TEST DATA
--------------------------------------------------
0.502033664624
0.497483606114
0.491460546312
0.500789443054
0.499749087028
0.492550712525
0.50412428856
0.518479031315
0.50173961388
0.480225750602
0.498038317522
0.491852127814
0.5095482551
0.503289833468
0.504160004595
0.502146927704
0.498828776437
0.498921644601
0.502276704386
0.503579918938
0.495683618898
0.497907630997
0.502071682282
0.504016029046
0.486539789428
0.495497033642
0.496174524511
0.499294748142
0.497184059953
0.500122904567
0.496768664397
0.50451619559
0.499565420102
0.50173961388
0.498103907657
0.491460546312
0.496788753723
0.493042556245
0.514933669098
0.494894343808
0.501448410454
0.494074265013
0.567319393527
0.496796573655
0.457488175019
0.506981000764
0.507411908259
0.485218653469
0.612827285371
0.4948552661
0.522916869991
0.521008242625
0.57492906217
0.49911713671
0.49563575356
0.502530592724
0.509831493085
0.497240907792
0.499876593955
0.492191959827
0.491679080254
0.495417267755
0.49945499413
0.559181618859
0.570043504109
0.503523117696
0.498929672338
0.494392009804
0.501793880445
0.493499971085
0.503162052581
0.508040243932
0.476831936059
0.508018980604
0.496508772058
0.496774603249
0.500186827453
0.510879151699
0.492653729607
0.507272773389
0.524094220821
0.498199738388
0.50393557691
0.498973415817
0.494183290965
0.499202592534
0.493215672218
0.495914443294
0.502063723698
0.496965029881
0.497638999123
0.497553567191
0.499308261716
0.495406066766
0.495103199564
0.505494718273
0.504117137511
0.481784807422
0.496435177355
0.49184544925
0.501009569267
0.50546451809
0.501461810739
0.48529148349
0.509714111995
0.497041843476
0.491903200677
0.500465692304
0.499592004631
0.488044892874
0.501438754885
0.496507290386
0.498253101314
0.497837539807
0.493076874689
0.501034348746
0.490462807132
0.560930147083
0.493357983365
0.497575300749
0.505356437943
0.497837539807
0.491190311754
0.497729275246
0.497184059953
0.497638999123
0.491032310785
0.515013788119
0.506357599815
0.490651651
0.500176323863
0.507574913669
0.503623395714
0.499520088558
0.538599797931
0.498913726234
0.506185217183
0.442060696339
0.513081637423
0.497135358553
0.492327067482
0.503836705579
0.502254556457
0.500846436047
0.492593234418
0.499277919618
0.499696806773
0.50412428856
0.51340575119
0.508718580283
0.502975550592
0.499235739951
0.495769942424
0.507787584526
0.493533323151
0.499861562656
0.499728901432
0.520059007125
0.543332634251
0.492797297449
0.503981194195
0.498594757669
0.497449445758
0.500142359685
0.496714772979
0.504860961455
0.50412428856
0.505859141236
0.501644188832
0.497219314387
0.506456748337
0.497319314418
0.490532888296
0.501891669889
0.497808888715
0.492705474404
0.496768664397
0.50546580122
0.493353055521
0.55449530954
0.499402510243
0.492762934022
0.499235739951
0.506711488708
0.507982729765
0.500072376809
0.505384839708
0.507871655984
0.52253191445
0.522011991653
0.496192231974
0.496725745231
0.495860179723
0.496559378015
0.499581406743
0.569521711929
0.483325826609
0.54125550838
0.497691561347
0.505387319
0.503663632938
0.505039982276
0.504117480593
0.498546981901
0.485655785942
0.50574572012
0.499235739951
0.503370185363
0.499715581304
0.50870528528
0.521966542103
0.521777862871
0.496965910653
0.503663632938
0.497888809972
0.501949097323
0.499053998783
0.500613759662
0.513196193791
0.531701423504
0.497100725141
0.499687151127
0.505859138606
0.50280272364
0.508556812025
0.501548737004
0.492700994073
0.499940261482
0.502898572376
0.487815752544
0.510324847391
0.500721349551
0.515179974162
0.503695126611
0.5016561202
0.581266462499
0.507708602229
0.50017800648
0.50120701883
0.496947837185
0.494115409783
0.502190380467
0.497563713336
0.499424429332
0.50605656603
0.504694539605
0.504100287534
0.489381041689
0.508769526723
0.497837539807
0.508315328649
0.508422710454
0.508320987148
0.501147727464
0.489064118176
0.498173988855
0.500524378064
0.495484876723
0.498502399022
0.499146086158
0.501879857192
0.505971814205
0.497652235559
0.495298674415
0.498783170628
0.49897479685
0.504461650703
0.495906791119
0.507164682202
0.49439612633
0.501596399696
0.492093098809
0.513011141894
0.495369914236
0.502234004665
0.510761076834
0.502155639292
0.513357269233
0.490058153388
0.495691643977
0.501178069459
0.496666416388
0.50357985019
0.495221046856
0.582763568228
0.545500834179
0.497462599321
0.507220361833
0.49863894185
0.498087114095
0.500304566514
0.503102378595
0.495107182082
0.491950531639
0.501574531697
0.495475195473
0.494856459213
0.491679080254
0.50854426375
0.499968675308
0.582278701423
0.438114486584
0.506618898106
0.495621508147
0.531864172844
0.527350604097
0.475364115147
0.520934532101
0.555650498161
0.506531982403
0.500031949901
0.492678675897
0.508746236281
0.506462819693
0.509162023901
0.489978539577
0.485803778692
0.497033890548
0.524878139781
0.492893461657
0.510303735766
0.505753083899
0.496463616444
0.500832093113
0.513740518462
0.500122904567
0.500660003408
0.480657869743
0.497666253358
0.465051209601
0.503983179728
0.488447714525
0.512123654467
0.505817606381
0.502563857112
0.494199010944
0.494368669789
0.503862627322
0.497247353238
0.498253101314
0.501338851763
0.499755431289
0.489124539178
0.50897793694
0.5016561202
0.504073329959
0.502146968461
0.499236875847
0.506670878318
0.497867670298
0.491680884349
0.493503314655
0.49827344632
0.582523728318
0.503097627409
0.493376667103
0.549699112368
0.51335130587
0.500476310963
0.499454848829
0.52958399669
0.498344370501
0.495417267755
0.500162175543
0.49705186673
0.494622502468
0.497447755279
0.490691340487
0.480111889012
0.493467659825
0.5062375042
0.494835723182
0.493060966461
0.547516458394
0.492732028135
0.49527845616
0.500254381332
0.478498885413
0.499786315905
0.507925006265
0.498286603349
0.500142955902
0.498328387953
0.495523616046
0.493492538809
0.497425242111
0.51496152147
0.501432079586
0.506884028685
0.518980711218
0.499371074363
0.493613651283
0.505884298055
0.507202802926
0.491488351459
0.502755247616
0.502066957256
0.498653021185
0.505688932565
0.502990813959
0.497725395736
0.518813617833
0.497378950835
0.494415865711
0.504469334136
0.491123541712
0.487736536733
0.49875718166
0.501521112908
0.495967803374
0.484917794046
0.472265040571
0.48902103828
0.501393639533
0.492896603728
0.494914846084
0.508928444967
0.502184813093
0.494152680713
0.501616285237
0.532018888782
0.499235739951
0.499449209253
0.496794957297
0.493076542089
0.486073343495
0.490922937505
0.495776690919
0.503363069929
0.489737362878
0.495602437068
0.501484831977
0.621917024769
0.495480476799
0.493766155391
0.506002207709
0.559305499123
0.501450419673
0.50079036217
0.501697870049
0.49589268537
0.640032826549
0.485749273551
0.488517034198
0.501178069459
0.490393383007
0.495967803374
0.500600759792
0.503079511471
0.501227055864
0.473821376184
0.500170773508
0.497971297445
0.502570952155
0.515922655086
0.500518445958
0.506131646948
0.510744407694
0.501949097323
0.499148541482
0.509822110007
0.493907081729
0.432874172832
0.499689904357
0.497844614674
0.497028050902
0.499133831072
0.505222840613
0.500722679593
0.498195637673
0.502110278688
0.507368420926
0.491797685875
0.494649223658
0.489294925382
0.494172161902
0.497440329249
0.498056132204
0.500004911978
0.496132514356
0.491679080254
0.53640548635
0.5016561202
0.488951473733
0.497392653833
0.503251345705
0.497096082593
0.485291257628
0.501602080568
0.493739574994
0.502835396735
0.495141792972
0.499507991871
0.494401113337
0.502111608708
0.492550712525
0.506419003553
0.496452315397
0.499945098055
0.495438605053
0.493174885828
0.48673019183
0.495437224635
0.498539313163
0.496832266413
0.505965968726
0.488533754241
0.486177731109
0.531191858806
0.508836733015
0.495772597678
0.495501023807
0.497674727114
0.483329545804
0.501099644355
0.557293833795
0.49334772267
0.554040694429
0.515966990563
0.503363069929
0.510832321066
0.497563713336
0.496105838628
0.502331252512
0.512824108361
0.51335130587
0.499420923864
0.499527827422
0.495776690919
0.498665994117
0.496126575612
0.501949097323
0.509244076016
0.544162065873
0.503433122281
0.48520631877
0.498247255073
0.50051731006
0.505290924345
0.505948796038
0.518312834544
0.501225140405
0.508698111096
0.500498627855
0.505929498121
0.491684924948
0.491439505618
0.561272415108
0.490481793854
0.497584451083
0.502012765688
0.516449478183
0.497194668515
0.499811694076
0.496916862987
0.490841248103
0.503059042195
0.501596399696
0.50053022437
0.458817244292
0.497055291587
0.498673687568
0.49982974868
0.501105983352
0.503799351493
0.497100725141
0.503924956502
0.491250576788
0.500838230988
0.482544222813
0.495613887016
0.495427274691
0.497079386195
0.494417363248
0.500139695934
0.485826936555
0.506775247716
0.509994266653
0.493166066008
0.491305370939
0.495722428579
0.495084162858
0.502231288809
0.498070834808
0.516700985242
0.500863979319
0.490623134299
0.510018088202
0.498744779564
0.505740368778
0.494893859125
0.501141938317
0.485367549719
0.494178489845
0.50091374619
0.495315367358
0.495518730873
0.510005083113
0.490638475422
0.499380224897
0.495892997576
0.495919403107
0.504185633697
0.488945630277
0.495511846517
0.50741390361
0.494020237029
0.496050160644
0.500122904567
0.504890323973
0.49957126641
0.503420456761
0.499802572366
0.497388444991
0.498388679596
0.506515521127
0.499786315905
0.494798149312
0.496969436027
0.50197539156
0.499929821905
0.477468059551
0.499235739951
0.498344798823
0.50070427768
0.510392428925
0.506511299572
0.504979947558
0.497778513358
0.569749385478
0.495707889623
0.491086599583
0.49320548931
0.501816901583
0.496955139826
0.500277130506
0.500710845635
0.493928270203
0.498722300734
0.48000830774
0.50401670561
0.495967803374
0.495562210059
0.504788626477
0.501625778368
0.556463146782
0.505831112112
0.535804369964
0.56475165741
0.468451930461
0.489999366975
0.524956674097
0.52263939646
0.495542217332
0.508596457192
0.500685161152
0.486681083277
0.499496730603
0.490221058939
0.520427062162
0.509087458451
0.489286149804
0.511684439438
0.501585386325
0.493575060538
0.506024791997
0.488536551678
0.520634516659
0.502730568141
0.50462834203
0.505682604581
0.48902103828
0.49213166744
0.49528811095
0.518112855612
0.506501184267
0.550912790584
0.498787153503
0.517952214279
0.499373501569
0.486983641381
0.493743972824
0.48656204277
0.56574284443
0.511762391156
0.480627037463
0.505554555274
0.495967803374
0.514163501281
0.500613759662
0.502087570074
0.441430235747
0.507019440196
0.51084181398
0.500468891965
0.506530965032
0.505948796038
0.4997063033
0.494982178438
0.499053998783
0.494557948445
0.495357229466
0.491016463224
0.503186255417
0.495376477267
0.493769439835
0.508071306487
0.496955139826
0.485872173781
0.50139340064
0.510442408561
0.509227388279
0.501597624667
0.497847195277
0.49366709902
0.491684924948
0.501195766402
0.526590615422
0.502001186643
0.501674305257
0.50220575003
0.50782629958
0.514145821606
0.497519894921
0.495777696856
0.552627662028
0.499744530831
0.496736855017
0.481561175398
0.491797593112
0.50401670561
0.503853899724
0.493084659245
0.490815015016
0.505098334899
0.593644064324
0.497850256597
0.504532485402
0.48990050166
0.493745420391
0.500176323863
0.500063496456
0.495936468116
0.504982992988
0.495356097681
0.503349562973
0.494152680713
0.498461574944
0.495437224635
0.505639578566
0.492389845886
0.515669560116
0.504945108148
0.498153937789
0.503812964989
0.504177478137
0.496117094801
0.502039783093
0.494894343808
0.460817399052
0.488646570276
0.502071682282
0.495776690919
0.495512885031
0.443141917791
0.497498147487
0.490548517932
0.499786315905
0.493308057638
0.484028080207
0.492897133731
0.553801112529
0.515769330705
0.501776138412
0.493042556245
0.498899776486
0.500377923567
0.492501854629
0.488495211958
0.500207195409
0.498903659291
0.513905317617
0.504134944326
0.506047090849
0.518560053839
0.504379315204
0.512556064254
0.495753603147
0.566439231133
0.51460038524
0.502867287599
0.489190432281
0.501905695466
0.499000687765
0.501874713557
0.512581744672
0.505638069692
0.500031949901
0.508498519423
0.497306134176
0.499962624841
0.498627572324
0.497746586912
0.497467263648
0.506334582085
0.484769837837
0.501585386325
0.503734729606
0.513978382802
0.5094524252
0.484353845377
0.497096082593
0.488278863312
0.494295467601
0.49718990608
0.513313310173
0.499786315905
0.499511545325
0.498387917566
0.513161064938
0.502990813959
0.501044970969
0.49423179874
0.499470400838
0.505553541301
0.500277841553
0.492224888409
0.509954947995
0.567587590216
0.512748486267
0.502153484942
0.556242892641
0.486712532709
0.500261593895
0.50800446835
0.513184013627
0.500085146652
0.499707079477
0.495300523459
0.507264979158
0.488934681795
0.501009569267
0.501580120659
0.500129458629
0.495513236663
0.505197150883
0.497485288688
0.511372019519
0.499970603641
0.504064571429
0.491903998789
0.502344832608
0.50394142286
0.493574384041
0.481477794818
0.49896982786
0.502937663343
0.501799612572
0.496796573655
0.429175066852
0.499438348828
0.504146576535
0.442170663129
0.499146086158
0.498907787866
0.579527109387
0.497419395954
0.495914443294
0.481805041295
0.487551668906
0.500283687864
0.490356104987
0.516115552111
0.579527109387
0.498411881709
0.506917298726
0.501484592103
0.489338234614
0.50789157939
0.494231846274
0.496917252675
0.495705840764
0.501389895194
0.507629261918
0.54979782818
0.50039988447
0.5055548251
0.512822120265
0.499308354504
0.512568440558
0.49777781982
0.499453566263
0.49718990608
0.499852173578
0.499786315905
0.499561355422
0.498513196089
0.504361752446
0.478531444445
0.497297765141
0.497149577526
0.50127300326
0.49291155634
0.500667986057
0.499924359821
0.495860179723
0.498696072263
0.495920175113
0.51240299804
0.50533604889
0.493640895533
0.559522652767
0.497002180717
0.572620713853
0.506158286068
0.495948601196
0.495967803374
0.555080868173
0.494891909634
0.494186864164
0.489959814534
0.502454310769
0.500506653093
0.487060040171
0.494903130024
0.491446441924
0.476021053921
0.495551972921
0.492839210638
0.491460546312
0.489100642696
0.503759263814
0.499730048494
0.5016561202
0.496275940019
0.495512411832
0.494978969447
0.49463165196
0.504533979392
0.513549931976
0.488886095523
0.438088421476
0.502001186643
0.494627324283
0.493613651283
0.499786315905
0.504400074326
0.491230106384
0.503616483953
0.491889895615
0.504668936835
0.540472829527
0.529818859458
0.497563713336
0.497287202044
0.490216784922
0.495500755512
0.490757489328
0.493483643756
0.492204808846
0.499608718697
0.491460546312
0.506839028888
0.57427190317
0.508293641875
0.496284187445
0.499786315905
0.500305782132
0.488785916149
0.498353321171
0.507849468453
0.498243599158
0.504103424384
0.498745322024
0.500581587722
0.499646553883
0.493042556245
0.502294033926
0.499264436964
0.492097245278
0.498435976907
0.498478871342
0.492934310847
0.496862697949
0.507032459206
0.49653365355
0.489926954403
0.514322699512
0.4948552661
0.495497033642
0.50401670561
0.498552828165
0.499804148176
0.497068554249
0.509210924014
0.49834873298
0.498195637673
0.50268236867
0.496214223811
0.50434603785
