SVM Classifier
--------------------------------------------------
SIMULATION RESULTS ON THE VALIDATION DATA
--------------------------------------------------
Agent_ratio_0.75:		$840,000.00
Agent_ratio_0.50:		$1,275,000.00
Agent_ratio_0.25:		$1,065,000.00
Agent_nb:		$1,369,800.00
Agent_rbasired:		$1,692,600.00

--------------------------------------------------
PREDICTED PROBABILITIES ON THE TEST DATA
--------------------------------------------------
0.0173408616541
0.184087537205
0.186665971826
0.853102501185
0.646870067953
0.765389963108
0.994913946816
0.00547171031939
0.152049623496
0.941243246665
0.912947445051
0.646920577597
0.256829119088
0.0555689169463
0.974487939876
0.918337677338
0.919700620579
0.0772675816067
0.114103388243
0.554880866824
0.408121382268
0.765722653487
0.243990974775
0.341299885169
0.895019773645
0.668052513353
0.382469859211
0.784282763077
0.983276076839
0.0293562521733
0.075148464627
0.468779255051
0.0396950841672
0.953243099089
0.031565090128
0.914192805819
0.944622341088
0.989873733847
0.609748607177
0.453195544448
0.456827384137
0.48233987881
0.867352823996
0.122016374987
0.63415261108
0.48442307845
0.261620343406
0.336755570678
0.993131441717
0.39413408005
0.920248331337
0.238379099182
0.353713947793
0.23172398447
0.835370504247
0.698391389324
0.130019060787
0.075305073724
0.307400392152
0.989812405846
0.56049496865
0.706055954327
0.867885457857
0.656684464357
0.027510790823
0.939675892351
0.313421945307
0.0297736777452
0.426302253506
0.621148742981
0.284469331526
0.192786391653
0.996955199001
0.0409819509334
0.192419048027
0.462451871563
0.0942897992481
0.146912990452
0.992933942225
0.925657254627
0.787845050735
0.622826295955
0.0537774156786
0.403343667813
0.320621775135
0.700338193831
0.563305491597
0.00834141095091
0.749731500614
0.991314550323
0.91419201789
0.910351506863
0.048247209524
0.63291318349
0.6669663127
0.133238909898
0.3216004536
0.344976093852
0.925909790245
0.339657012627
0.235315294357
0.780780372674
0.843221426067
0.207929618218
0.0658126622124
0.889036003476
0.333538190896
0.197257571228
0.0847549991109
0.833663688168
0.120602864756
0.600564990357
0.87078481307
0.515495615079
0.283248357741
0.528968185076
0.866015999663
0.855271001007
0.346521052101
0.957793012426
0.936655680286
0.675622340063
0.0356678261708
0.824940765832
0.535140634619
0.915853056874
0.0655643162448
0.092752966656
0.155728859517
0.0260998310683
0.953273194025
0.839767522974
0.0706764714984
0.849969284959
0.151595129565
0.850666624392
0.73641943065
0.363461690629
0.784139659333
0.670927338892
0.0185458454372
0.963905437937
0.945865086622
0.346396720653
0.238373563119
0.217930525152
0.93263146699
0.124704462175
0.0275243413524
0.522977851074
0.189111956695
0.301407855998
0.729864782003
0.178690374199
0.0180982858114
0.053767343495
0.334935677866
0.574989134851
0.621040068315
0.91911739937
0.8762982162
0.433275022502
0.924917244948
0.788195477651
0.991723402376
0.0610937372461
0.194365515054
0.624374605596
0.572498045482
0.139966832942
0.224683375186
0.533847206836
0.486029390089
0.171993229198
0.182908255213
0.642481184762
0.782712222797
0.227590511569
0.101406237675
0.861160289034
0.467930076563
0.269618690091
0.844158000772
0.952162064587
0.984063387217
0.918331209747
0.527515090626
0.895100143215
0.95941916095
0.917417177486
0.444469774002
0.477980922759
0.813410937492
0.395154079359
0.0544379931142
0.112578336761
0.923828592726
0.962707347344
0.851839734766
0.542153552243
0.81806087388
0.294797514088
0.286320129277
0.199381505665
0.862550990878
0.902140926902
0.62397976732
0.5
0.160881048916
0.175274308157
0.625974329467
0.520124266123
0.404068992718
0.37187991763
0.110996615392
0.0666516903853
0.87516606773
0.576784121177
0.995054407623
0.970526007816
0.157555853014
0.0833755393798
0.608973443834
0.952319519871
0.173662447274
0.125196246265
0.0010097975978
0.0611781441792
0.332072545739
0.646476119614
0.355750669787
0.137025795165
0.490545430364
0.787680262783
0.794504542138
0.243775672166
0.986248249425
0.674636984183
0.0303465265077
0.544974714535
0.453233786843
0.960316934766
0.818184191979
0.960276921443
0.767033037679
0.427660192423
0.133916075031
0.0786822019218
0.819403771657
0.282251455233
0.402632644935
0.71813446502
0.0218185776185
0.439408646461
0.414305241424
0.5
0.697903569329
0.231862061697
0.104130279514
0.653215214536
0.0248323758023
0.976326847995
0.552525274332
0.920902459458
0.367070956058
0.477147503232
0.99261375117
0.714918675789
0.969997725183
0.758128781099
0.121260661054
0.275562646291
0.933891328574
0.901506818308
0.776963671102
0.0224642902365
0.963873115674
0.151689892463
0.737313488362
0.582753714402
0.101553703681
0.708468439071
0.16424703138
0.990444518279
0.0501169220396
0.919955673274
0.298404507671
0.10877390384
0.013536164134
0.972467884095
0.0150188778745
0.796829171355
0.969894505733
0.846825480357
0.00386616572366
0.277341666811
0.105981052989
0.251247758869
0.0366126571119
0.685754843526
0.459523185405
0.955843853979
0.658682578971
0.261598311346
0.010033936782
0.144637219679
0.946004521828
0.296208651751
0.882007818852
0.268778896048
0.108912422262
0.00491861427894
0.989861479651
0.055651115882
0.540832495467
0.561073324319
0.954327936729
0.39668292251
0.940713902314
0.606817764856
0.492219642264
0.856343463118
0.87063298968
0.990304542681
0.453773224914
0.67078892625
0.122203796137
0.0565258705699
0.749591210312
0.989061861248
0.758439774655
0.135456327333
0.556635733341
0.302027561189
0.150392546999
0.446790708951
0.510962587105
0.833682552349
0.226364164264
0.762691120827
0.135207536877
0.5810250652
0.741593628835
0.652523921315
0.0254344598363
0.945083428151
0.122083584167
0.996366283004
0.37696889177
0.934272655511
0.124867239156
0.99266993221
0.895372734182
0.682313133716
0.955572671361
0.16692643233
0.16943525032
0.0126697204097
0.229360815263
0.00332206672021
0.0119817587793
0.899118085449
0.618967379098
0.0278622814942
0.465916871532
0.134463310849
0.128790570843
0.353663486732
0.0542095896278
0.855247252316
0.957698167242
0.150480611461
0.0379908552777
0.207836216398
0.949998956002
0.223583643793
0.924066366572
0.874632468625
0.111232516133
0.0572550639021
0.955292220726
0.161167981023
0.826865205446
0.91397958521
0.356958256279
0.263045220623
0.87785160772
0.959689918998
0.984638423079
0.610179734064
0.04120157002
0.830395670703
0.0668244120451
0.578695001811
0.5
0.0264931196615
0.199887860329
0.895597441444
0.0673085398828
0.571495169002
0.26504473031
0.409256129334
0.128870305741
0.697932922314
0.0668735700895
0.434801471096
0.740018732279
0.79829703777
0.846768149216
0.881121264427
0.935530200972
0.00352765070759
0.534975135951
0.780276956232
0.939669643178
0.104933232048
0.06237254316
0.118261778775
0.255510105978
0.944119822755
0.256467516
0.947376287804
0.0313211471669
0.333542540668
0.578975113957
0.859817988607
0.133016989901
0.0523869236239
0.656752687087
0.831693720369
0.991179630777
0.160590035712
0.851557239358
0.684311713661
0.202625042603
0.904300763721
0.831921759278
0.888063784386
0.0875908339416
0.688315610398
0.547745921561
0.886407955948
0.0356239692064
0.38988880546
0.0707967345965
0.0857699640087
0.179339222708
0.876939936627
0.984866200643
0.929389556359
0.767844128894
0.992573294237
0.415924091042
0.0522532706663
0.420806595045
0.97983225898
0.994438605461
0.812337097322
0.22509388792
0.229919121204
0.631311790259
0.989249103342
0.0185462198452
0.986400581609
0.35179251702
0.694546328776
0.0966268605935
0.337345375881
0.114764108468
0.751829661434
0.0859897609877
0.781494973617
0.994718219615
0.996206991193
0.31179012917
0.245603062109
0.012590030382
0.781408429184
0.00219466309401
0.222113687175
0.806395234417
0.0592703314116
0.0954431687528
0.295165908207
0.955396329923
0.833295417844
0.829861280585
0.521072001674
0.898102171383
0.860102866855
0.961820251068
0.909903072626
0.957282777201
0.917134431412
0.741656922306
0.311275556532
0.800929017904
0.37664232596
0.614931363217
0.976822498201
0.0657069761463
0.723367032092
0.53126404296
0.113594871494
0.968227192852
0.119042690743
0.984411016644
0.172151262652
0.719688753294
0.11236403022
0.994432912903
0.987652789319
0.897854952963
0.969859211553
0.225871049877
0.95253097625
0.575797217915
0.594866621915
0.968945545675
0.2907241859
0.347086905959
0.280082101743
0.43223921607
0.303070892434
0.5
0.128121845935
0.0968416874388
0.656632982302
0.389490237033
0.0429053222119
0.876750753785
0.925041411231
0.856901918631
0.110014746847
0.846106943801
0.384553565435
0.386082926031
0.932128742104
0.908228174178
0.985862450468
0.0189427062273
0.035265735823
0.877181311994
0.986239598125
0.784386649301
0.356674501896
0.0884705529836
0.0972589609238
0.788742066549
0.0311794898445
0.154342447223
0.191345958026
0.0115682952839
0.452492296785
0.956187688464
0.46343567307
0.00553457121127
0.027741599499
0.438253986124
0.953296006025
0.26117984792
0.236738359712
0.747854970163
0.395933506573
0.773824196548
0.204862480136
0.644866807145
0.614632042924
0.304354765066
0.0326148726612
0.80323038683
0.658642596539
0.860292046466
0.683522394805
0.26783136126
0.0714153822844
0.948844256345
0.991642966624
0.306396883645
0.522909616823
0.776528924923
0.0460141424611
0.307094322934
0.645528999844
0.709936217637
0.060372583584
0.0333370858062
0.42392172885
0.871281278266
0.0226836665621
0.949265273326
0.967983354037
0.809181852938
0.948705103411
0.369646961686
0.365615618277
0.0611720586699
0.724855580547
0.673541176401
0.796502356048
0.225700055448
0.819785990449
0.980779499282
0.128128237431
0.875379623476
0.016123265011
0.234773988374
0.955609252946
0.204058364413
0.70359096021
0.012531967832
0.649411909311
0.899537850963
0.465480661743
0.11592853814
0.616985610884
0.436085269804
0.220625207273
0.721477988151
0.0111412445131
0.849423595385
0.982374027091
0.413182769945
0.345976527414
0.0486533712304
0.275286714825
0.3615605454
0.319043742577
0.865212415725
0.905219508968
0.79397375278
0.758116644695
0.572574544831
0.960330027807
0.898520498101
0.134387447381
0.917758463079
0.95899963617
0.928502170034
0.627147344207
0.134654493868
0.657561710991
0.974689787599
0.600744778462
0.763326100739
0.124040230111
0.160830542405
0.36102668632
0.0976032187957
0.00724139809802
0.929725075875
0.969154309884
0.161469225598
0.214148659908
0.110090220108
0.0333915652512
0.266351732753
0.132282963523
0.105882175481
0.371506139486
0.599136759179
0.891299130834
0.0366171390121
0.972893868866
0.947682710204
0.896624343336
0.0928641862463
0.120680634609
0.958087141947
0.850733800168
0.0700486457213
0.676472013233
0.97851670649
0.70721821823
0.735106425202
0.0472651538962
0.251428533632
0.95066233412
0.981906562135
0.797053364794
0.969247635395
0.424209694868
0.911146466918
0.91135685866
0.0547116912367
0.748867245694
0.291008348146
0.0937751940619
0.866681757675
0.036918388851
0.97112055803
0.563947176216
0.924951969584
0.720925818832
0.836101944061
0.906403961766
0.960406033171
0.933984107626
0.660272540023
0.778907534956
0.186639926613
0.188243103359
0.358065337801
0.864567630592
0.0524794883935
0.417505648673
0.144079572883
0.96957704049
0.930185137712
0.737626636503
0.0999234589116
0.967076220269
0.330514029448
0.33233654461
0.666102958189
0.71751065713
0.00759812794017
0.363331765292
0.471671240303
0.638103568388
0.205465792063
0.163045442328
0.704956300281
0.332646004491
0.125870383537
0.00395046636966
0.0527359302525
0.465393336252
0.857202885781
0.904085561935
0.232340177092
0.963008224603
0.784281514665
0.985855138566
0.911481014681
0.0039524542966
0.809213440873
0.773991983537
0.891804919572
0.0369241913043
0.0661197204007
0.723686305084
0.97940384817
0.0347808657923
0.969224415446
0.0533439984578
0.818725024762
0.264371376951
0.080588128908
0.79616543687
0.241431149288
0.931463494818
0.943838764532
0.331483235907
0.664013222633
0.970224727665
0.64904365341
0.279412065455
0.579621131999
0.831258653475
0.950258108883
0.364306836385
0.0419651552381
0.242570420616
0.523384658197
0.390738610053
0.877089688054
0.406319573733
0.948769309069
0.940062210483
0.944337676282
0.10787178171
0.879296084867
0.975520010758
0.477885300416
0.934268822001
0.48483972749
0.0153312604287
0.964087563867
0.472468934089
0.97081740087
0.19201792985
0.826500758104
0.102785682897
0.013078264058
0.37991370218
0.944307982718
0.0051757881655
0.532091050147
0.935023916318
0.199388878605
0.119473446078
0.729184422564
0.0479482253569
0.958550487437
0.370506707728
0.851383373978
0.216820302894
0.259892057895
0.984443709415
0.916992649592
0.790201846416
0.122779623692
0.133308566936
0.953093865186
0.935691553184
0.0653188946827
0.823195692373
0.120829585076
0.0844810691252
0.0359374621822
0.195569993901
0.841891208425
0.0794059427774
0.00502948822692
0.0195538989063
0.572393811788
0.145381185048
0.647945718498
0.985151272647
0.809451251044
0.679502701655
0.995431620678
0.13269415257
0.134855828619
0.607466010114
0.0443861056722
0.960225996349
0.523354571551
0.33841331071
0.14294722313
0.902265639394
0.97906968805
0.410722188177
0.464879715166
0.96665089174
0.726004154632
0.97354592248
0.373732573151
0.999991800053
0.0114020527212
0.122560422879
0.0163595459839
0.597450827394
0.153679882679
0.030727590324
0.993403325584
0.995624165608
0.80413927627
0.0791248638659
0.0503034746163
0.428739759241
0.661087285326
0.763056742608
0.931252894586
0.382020361313
0.0189904085724
0.916545701742
0.607965704768
0.363693878603
0.737810437237
0.116411034964
0.930672007204
0.0468521010714
0.622817890849
0.577952503107
0.155976650141
0.0150490979722
0.103126210262
0.993859316216
0.425636498174
0.026727726589
0.835353278899
0.712576191071
0.927328615236
0.177637916051
0.288490985755
0.432925238082
0.913611094423
0.570482941922
0.522037092302
0.726477602729
0.891498632085
0.943800382115
0.0987109625748
0.541637138256
0.974482504296
0.935137532968
0.951705051751
0.519231042874
0.327824322514
0.935010162762
0.831110127872
0.13980462968
0.959554969297
0.910232189525
0.0880979084807
0.024374885643
0.880938629578
0.704171277009
0.0344769368341
0.0202584075413
0.772989567581
0.987226312669
0.907812317312
0.0304117531816
0.605411886815
0.809776418398
0.339464443043
0.778146559127
0.0886473368816
0.172922027506
0.971981709809
0.7021142656
0.829337427783
0.0445869565748
0.00285026234845
0.779464577163
0.0570744794321
0.0486680417209
0.333026351224
0.959377989856
0.675536810512
0.970038246429
0.238970138292
0.106412543476
0.276528565714
0.883630131221
0.354355542646
0.768746439061
0.163861145309
0.292536319844
0.803829209569
0.959584510658
0.10300682689
0.492173776722
0.163992828891
0.310118679378
0.928400872965
0.00318530391014
0.982632365169
0.975322871039
0.803730548172
0.957850272149
0.425955615392
0.568969368255
0.0829528808798
0.333002994338
0.306076502513
0.401609153099
0.729248237542
0.87306796677
0.217947202263
0.0469042671501
0.976726446517
0.00231789711263
0.555503358264
0.607681566252
0.883646215661
0.875853696214
0.189378882854
0.171330225369
0.867600888708
0.983176137054
0.784801747522
0.211020212589
0.0476125072714
0.526683925327
0.343303016151
0.0460029731238
0.0240395170056
0.477680814935
0.732811803945
0.905161224249
0.681885153707
0.510057553074
0.367717211607
0.183035004727
0.646409808856
0.561573816759
0.138188870674
0.789424574577
0.18008298294
0.804600619545
0.409335368714
0.632494511209
0.0245021239844
0.176597121118
0.309536638432
0.00694443115297
0.705740717504
0.0484735952241
0.932116783747
0.943351062932
0.5
0.89146414138
0.139390972092
0.440739552424
0.161235349738
0.862537200494
