Ada Boost Classifier
--------------------------------------------------
SIMULATION RESULTS ON THE VALIDATION DATA
--------------------------------------------------
Agent_ratio_0.75:		$2,904,000.00
Agent_ratio_0.50:		$2,565,000.00
Agent_ratio_0.25:		$1,839,000.00
Agent_nb:		$3,285,600.00
Agent_rbasired:		$2,575,100.00

--------------------------------------------------
PREDICTED PROBABILITIES ON THE TEST DATA
--------------------------------------------------
0.510091155578
0.513339150531
0.515245821936
0.509013857522
0.521950108357
0.504729126984
0.501210184563
0.502259243409
0.503942362588
0.518013776534
0.503403290099
0.499982182702
0.512364101441
0.49960117815
0.506512362935
0.504452069675
0.501871184715
0.50752707422
0.560478897303
0.505894386517
0.50646016475
0.50865736078
0.578065153316
0.507139351042
0.503239423994
0.508966720115
0.507007030034
0.506336086316
0.552828298767
0.511633652496
0.508613991342
0.50986202151
0.500983307881
0.519871659918
0.513236959347
0.493596962439
0.510792080061
0.49585292261
0.508001006039
0.511526501271
0.56410957201
0.521294364242
0.559662205347
0.509849584057
0.511706969127
0.498117168588
0.50745445445
0.506569206886
0.51117040216
0.504755789767
0.506081135858
0.510754008769
0.503374947289
0.498086897425
0.507316850694
0.575013592535
0.514296961892
0.506992506507
0.507735450983
0.505092872912
0.50841803281
0.520221305386
0.504642844976
0.500755595742
0.507623225793
0.504425371521
0.513304126467
0.512461099584
0.524248910513
0.500726824407
0.510242152415
0.559523908161
0.502125206195
0.501718987004
0.507873790593
0.507968142367
0.499714556507
0.508023939704
0.509638387331
0.508584608541
0.500648436179
0.50480183778
0.496034734844
0.509505664388
0.503190762887
0.506140174627
0.512104846781
0.512512945692
0.506023599332
0.513947636651
0.501113988361
0.502178824879
0.501591188839
0.490692415785
0.504797405545
0.505677303622
0.508488814648
0.519368071206
0.498788368066
0.491776101169
0.514670879373
0.49508826939
0.508696653259
0.5036506608
0.505626965562
0.514089276818
0.513617123492
0.509802352731
0.509377403719
0.502558636508
0.505453487541
0.519323271896
0.561473369151
0.502677684968
0.511802399027
0.505199933299
0.497935364288
0.510219628026
0.50673422378
0.518845063521
0.494529401022
0.515673640472
0.493712951161
0.502613975452
0.51713192836
0.508016852244
0.500494481558
0.517291842482
0.51048204809
0.506943184377
0.502802764528
0.514155220443
0.511048295265
0.509223961607
0.506121975795
0.512563273337
0.504563158961
0.48730507594
0.500005829415
0.505909823898
0.507757358664
0.510755370245
0.509960547444
0.512303228969
0.51287466619
0.501820684834
0.496246080581
0.519269578186
0.561447719367
0.498034164651
0.500483708429
0.495519678727
0.508788778867
0.503425630374
0.50441405329
0.498185643896
0.508703930466
0.505176954263
0.514653495453
0.505921441481
0.509545770803
0.511453797557
0.516282401062
0.502506955592
0.568922619495
0.507937469598
0.525422372753
0.506033392711
0.511568468371
0.512179697993
0.508245251565
0.507466036474
0.558087677289
0.50593548231
0.513971428301
0.505744212296
0.513262306108
0.510881714265
0.504850359608
0.508194170964
0.475684005838
0.565394441852
0.504996552963
0.509668891083
0.513483765415
0.508491364524
0.499786779475
0.521358440266
0.509077466663
0.502536995166
0.515646995633
0.501479781959
0.569478207105
0.501307725846
0.502977650762
0.509919072206
0.507648230966
0.506747965664
0.499537947205
0.503351697651
0.509073015012
0.520493399172
0.512804521844
0.505276654945
0.504702829769
0.560630335786
0.504626335189
0.507351091183
0.50327033603
0.509356126715
0.507814216373
0.506229312733
0.505093699128
0.501601259666
0.56322515564
0.502580177738
0.500457700678
0.5143652961
0.501775407576
0.515711770466
0.517195020448
0.574667228218
0.516288841744
0.512382072595
0.514753438738
0.489349473717
0.505946417642
0.524288362234
0.513813848151
0.518008189407
0.504709020856
0.504134137847
0.512153015356
0.507702938325
0.505500066231
0.492401653912
0.499387325249
0.504304408596
0.514169802806
0.507235874786
0.499947859318
0.497687726995
0.509918682721
0.498481129463
0.508536238945
0.509714889238
0.453947277615
0.507963457478
0.510073538132
0.507232629474
0.512040362837
0.502364666485
0.50659726647
0.51117313879
0.506451320608
0.503113243278
0.509910032214
0.511013715554
0.509633345252
0.500840732448
0.514533875117
0.507116787894
0.511747617092
0.510723940888
0.503651706739
0.505455474844
0.512465964122
0.515720269638
0.503819731738
0.504306348504
0.510273009649
0.505202005243
0.514823162708
0.511419937353
0.506986516958
0.492407074728
0.507799160156
0.500690516538
0.575685109135
0.505651210953
0.514672350825
0.500419025567
0.565445652643
0.511078231714
0.480470810909
0.509720410274
0.510676982045
0.510192729872
0.502534288034
0.520363462628
0.501277707111
0.515166821609
0.561130468748
0.508220785262
0.51455889375
0.508691825848
0.520571892428
0.507308428342
0.507213341828
0.509836497339
0.505269113839
0.503686170617
0.507391680785
0.508540119445
0.499799798061
0.512601466945
0.496773425622
0.506743405656
0.509383861769
0.503239423994
0.512199176379
0.49668428473
0.498727366668
0.51280405925
0.507477606435
0.503074437923
0.514740029095
0.498713500147
0.516532411049
0.50459256661
0.49979083525
0.51773821682
0.575638592803
0.504251450773
0.505845770831
0.50536191664
0.504254994552
0.511793871381
0.508259857747
0.505116050362
0.496942929165
0.514540675156
0.49656590404
0.507540583509
0.505214663017
0.505035629425
0.499286967256
0.510822683353
0.502328310368
0.49755395347
0.502571693257
0.514822166562
0.514753777579
0.501349433243
0.557138461948
0.501553085724
0.503167966042
0.514362677954
0.50785282919
0.501137263506
0.505467437478
0.566831493215
0.504007478161
0.508949523775
0.558634873548
0.504336530509
0.518541499408
0.524022412632
0.553700373092
0.503745449269
0.509560404631
0.504843586807
0.50220282353
0.518420921525
0.506333535709
0.499859860209
0.493143873083
0.511365936664
0.49738666085
0.501095351322
0.511625368422
0.513366582509
0.505264094476
0.497098484155
0.499748123183
0.512918780895
0.506265600707
0.506563645231
0.496251992852
0.510989155897
0.50343607773
0.503770401174
0.508873176932
0.511031433
0.566670538446
0.503423470206
0.511582236615
0.499947859318
0.52412213749
0.512465381845
0.50558932401
0.50023801031
0.507558923193
0.505379088737
0.506024399842
0.506208998963
0.573482882747
0.510432730405
0.500084801266
0.502682724448
0.499254796512
0.508149059647
0.501404986183
0.502538496095
0.504570384589
0.507840750739
0.517221720419
0.500182441153
0.506832590028
0.571868503512
0.494638997171
0.495642029063
0.501767291656
0.502923461072
0.503169085976
0.500771019297
0.509095616047
0.504792219838
0.513532839146
0.500251321544
0.510455884664
0.498113237653
0.4995881961
0.504815238584
0.510538633629
0.513974972399
0.510001308174
0.506965013117
0.50152538357
0.501801916318
0.500794042046
0.509023466662
0.507272707361
0.495272424757
0.502902852512
0.505778287701
0.560595348438
0.507915892783
0.513034816835
0.508675953931
0.512712484223
0.518584059419
0.521917411416
0.493034413059
0.515785972435
0.508256522233
0.497404833232
0.507801990275
0.503927134995
0.509196456494
0.569143121224
0.509174611425
0.513207355157
0.51890904291
0.50588241104
0.508811983134
0.568536208535
0.505978854381
0.507972489298
0.507750556893
0.508694611392
0.564562305379
0.504704348982
0.517830430887
0.511490565651
0.505202005243
0.507538805576
0.501394719242
0.500992196462
0.510063550259
0.503483938332
0.507671036308
0.507066770022
0.496535339682
0.504585695762
0.516531532599
0.508703930466
0.507949421642
0.50734284339
0.515425419497
0.511918715672
0.527207262129
0.499981139646
0.511087943825
0.510099531999
0.493686506605
0.511270376818
0.508467114473
0.517064351811
0.506165472706
0.501474268644
0.50718763682
0.500149661391
0.511221874794
0.514189635146
0.479932892624
0.546112021177
0.510248143895
0.504099858588
0.510006870869
0.504717920029
0.566267259647
0.51350263794
0.502988343568
0.504259326593
0.507980571448
0.51304859947
0.499244606885
0.507968142367
0.513225270824
0.513414235889
0.5009988108
0.511865373581
0.500487311635
0.512210579795
0.507130075973
0.51637640534
0.507268971737
0.479162131084
0.509270906334
0.505589456501
0.51268520065
0.51581182261
0.510203570487
0.510466689163
0.507036188984
0.511784159086
0.515644309919
0.509915177286
0.507934045393
0.502044259074
0.513267008451
0.563418974956
0.522124615567
0.507659619274
0.517288988115
0.518274833898
0.515986648443
0.504129647252
0.514353533387
0.50785389329
0.495562942209
0.513812142604
0.509467939333
0.503033561298
0.499430260237
0.618452772824
0.508000379125
0.507665426015
0.498180017138
0.51089282098
0.504236652095
0.516304323694
0.508405427103
0.506105782977
0.506562436413
0.513734850787
0.510664443881
0.506236478105
0.502685771138
0.507107116628
0.515514694529
0.511156568935
0.509215741875
0.510051289319
0.499125255827
0.506989727802
0.504185509105
0.508294646229
0.504038623205
0.505427279974
0.514653180595
0.498372311105
0.506524729351
0.512079443162
0.522864067925
0.509087480848
0.512600941235
0.505968473217
0.501896468727
0.497907907211
0.506609127962
0.51148938644
0.501851508237
0.559521312776
0.51558708573
0.514764452425
0.50731372247
0.505916272137
0.515011977261
0.506049589241
0.504256757689
0.517174871875
0.506377464012
0.514383146225
0.499172698741
0.496853604225
0.502298404081
0.517513922947
0.507001377156
0.513964573729
0.497124791507
0.504758308577
0.50562238365
0.499394886873
0.509023061959
0.510062869395
0.497455252074
0.509589316088
0.445220840218
0.529083220716
0.504784413742
0.493588944262
0.508389432144
0.507092658018
0.501066467678
0.499713799117
0.50231049014
0.50589116006
0.506478646687
0.494905862601
0.50734538221
0.502196393878
0.502811811457
0.503757675524
0.507846090085
0.511272559737
0.516675544581
0.521772099959
0.502673049163
0.50549829259
0.497931534612
0.566746194289
0.500823457073
0.500070509833
0.510118704072
0.515717151918
0.512668031754
0.505556254689
0.506201083376
0.504245474405
0.514137394374
0.509567628119
0.504448972349
0.501004447939
0.510052177672
0.507064060518
0.51008149517
0.571336728666
0.510577756748
0.50476415156
0.511864909333
0.502058501367
0.507018406644
0.518151080668
0.493990777368
0.511537219582
0.499399390053
0.495061906297
0.510116103668
0.506310523595
0.510354134123
0.502978073663
0.501511007096
0.505843105479
0.513965235827
0.519240539772
0.494111485604
0.499782532528
0.511273478701
0.503943298731
0.520468591409
0.561318820685
0.493893110829
0.502096935157
0.515975431088
0.508526186548
0.509828265337
0.509240066628
0.506136605169
0.4932540892
0.497132608559
0.503679323093
0.519653149615
0.502538496095
0.500929402088
0.504065643275
0.503372789841
0.509875914758
0.512347461432
0.507658679259
0.496014139372
0.503116524466
0.503178031409
0.511985617767
0.509648397651
0.505224254516
0.508611557542
0.500170743578
0.503258957049
0.50489909781
0.504355967488
0.495884477331
0.516490986592
0.517500982976
0.498643737607
0.507075990158
0.513086649719
0.502747582664
0.50279047598
0.505607244259
0.499416629645
0.511664795695
0.506615368536
0.507227082076
0.516827303335
0.504847076638
0.50230736389
0.509261702332
0.510958734381
0.506549576014
0.508764234565
0.504974189855
0.51169452755
0.496573044469
0.511320607973
0.506108942337
0.51289679013
0.510394121218
0.50644204692
0.51280516187
0.512105024167
0.508292194576
0.497238699007
0.503298931645
0.509987054193
0.572104709569
0.513524481457
0.51409297696
0.562807000348
0.507646897425
0.508765241783
0.506669469512
0.502915379822
0.498068871872
0.573556358424
0.50644204692
0.517276046892
0.508535320513
0.516679518482
0.505390741759
0.508290611534
0.510616977636
0.506326022158
0.513307320198
0.505833595559
0.510300146153
0.508824748479
0.508937741606
0.514073926172
0.527870508584
0.504963198202
0.513763699859
0.500683330921
0.50781417714
0.504441929589
0.507061627003
0.576933865646
0.505416763672
0.498253267538
0.511351774265
0.564483770037
0.502874538658
0.502050353197
0.508238310143
0.514170298668
0.516637841251
0.571538301314
0.505769082028
0.499088165027
0.506189515464
0.512487741102
0.502134883316
0.508245720404
0.509931015881
0.506259951656
0.505306591557
0.505299323667
0.517540836036
0.507656449311
0.494180799123
0.502905694537
0.501292108764
0.508250522262
0.512613262852
0.518022819872
0.523544284747
0.507631899709
0.503637723622
0.506024399842
0.511685313168
0.508146594755
0.509987123201
0.502719945598
0.519126421402
0.501768273112
0.501241461444
0.504435036342
0.511465765069
0.514600820771
0.521724977523
0.518823835692
0.510241884988
0.509905846687
0.510030713189
0.503179689503
0.501190869378
0.506255081163
0.523235800769
0.513749694286
0.517981714003
0.499828465508
0.503178031409
0.564251086511
0.510048625998
0.507778506464
0.507618969667
0.508495291652
0.49743224791
0.509778355126
0.512488406427
0.509465144521
0.504390601438
0.567145516591
0.510546126748
0.501376455311
0.499262905037
0.508168618422
0.505198154019
0.514468729063
0.504690428255
0.50148337486
0.515271334098
0.506075955052
0.507159894305
0.49809505731
0.50711670263
0.498301997694
0.510059202652
0.506953265389
0.503125654926
0.511813983331
0.450114215742
0.499486073441
0.50654486925
0.521001883085
0.507134273966
0.510494325635
0.484580691951
0.511296025668
0.533691182869
0.513141108983
0.496565062011
0.504009086569
0.450825170737
0.514110343576
0.50658881721
0.521388318356
0.504493077544
0.50432817984
0.521340466728
0.562726166846
0.51545445306
0.507806957378
0.515536977949
0.510119829786
0.517303924944
0.507252912045
0.496307327432
0.513698941669
0.50786237628
0.509918622102
0.506702277324
0.504476914805
0.505652367332
0.505062758707
0.502113578322
0.511644400321
0.502984275908
0.516510916552
0.51000965535
0.512592510274
0.498805424526
0.497920735375
0.501955157606
0.511039906159
0.503279343093
0.509265639347
0.510639487516
0.498991553603
0.506395548514
0.511587842894
0.499671333862
0.510764973829
0.512693161792
0.498981943511
0.502049113834
0.512505439798
0.5049766245
0.503321654784
0.51281245574
0.516292651785
0.499035595899
0.50376546784
0.504526477207
0.490394517744
0.507301696115
0.517131918222
0.507158760158
0.508016229635
0.506814003114
0.515877734929
0.506962814598
0.509577895146
0.511814279432
0.509733421701
0.501144026962
0.509882307864
0.505178789331
0.504606898572
0.509667440327
0.503342191116
0.510927108131
0.504339714606
0.500541165903
0.509517388207
0.500285053693
0.493733862028
0.523954983196
0.553678407658
0.50315409681
0.507265924162
0.510770107451
0.49846592375
0.508930881254
0.50285231109
0.434443444156
0.499911523076
0.500711650075
0.504151038655
0.506784854609
0.562257884448
0.506410000467
0.505220622231
0.508548963568
0.517608430623
0.498834482792
0.49731320061
0.505032510266
0.508709510182
0.509091196829
0.507989699935
0.519282022219
0.506413582386
0.512763906845
0.508876903244
0.507327163165
0.49979083525
0.511085328831
0.511962991207
0.566333254683
0.508323791175
0.507079022264
0.506729128895
0.502926564095
0.501990541839
0.516411256264
0.501751806568
0.571226442741
0.513115774695
0.502711397982
0.507476358193
0.501838937001
0.502499690477
0.508658438292
0.504757489764
0.509735271578
0.510871331166
0.50646135223
0.513442085916
0.502334673671
0.51024999049
0.507900364003
0.503012669337
0.511345162565
0.508901614929
0.504017187782
0.504498144298
0.523596143816
0.501485652753
