Ada Boost Classifier
--------------------------------------------------
SIMULATION RESULTS ON THE VALIDATION DATA
--------------------------------------------------
Agent_ratio_0.75:		$2,808,000.00
Agent_ratio_0.50:		$2,505,000.00
Agent_ratio_0.25:		$1,803,000.00
Agent_nb:		$3,090,950.00
Agent_rbasired:		$2,506,700.00

--------------------------------------------------
PREDICTED PROBABILITIES ON THE TEST DATA
--------------------------------------------------
0.512088055068
0.501429713775
0.50840957423
0.507127156679
0.503586618733
0.524335933353
0.527791088451
0.512350126398
0.526021537354
0.518862956724
0.496797145965
0.505513753618
0.522447354422
0.507364941081
0.497053207465
0.51076592226
0.522862277256
0.493557117367
0.510496129671
0.509549058137
0.5026208431
0.530803562867
0.500464514817
0.519123535821
0.504539064685
0.518477202604
0.514494287263
0.52017388298
0.511314169964
0.521731624756
0.520828622021
0.524146303249
0.499433484306
0.504146952185
0.5114823097
0.513699864835
0.508176274678
0.52980127067
0.530759586038
0.507656386747
0.489010826019
0.495714082947
0.488618972991
0.506678029691
0.517842798371
0.5179927183
0.50905264637
0.514472968573
0.504011157159
0.516755457295
0.512842314018
0.510605439417
0.528309118441
0.49027948639
0.513225310283
0.495514375275
0.506152313439
0.516022015667
0.509820069749
0.503665137764
0.512269116176
0.492574285171
0.513119949655
0.50782231203
0.498560742666
0.540497168428
0.497800170593
0.497837249274
0.500265643489
0.51286031726
0.500724254387
0.505047786869
0.500830652508
0.505132037211
0.516927332267
0.522123198805
0.494634784956
0.503870461531
0.528958418603
0.52177338161
0.511484752481
0.493262693241
0.504306155937
0.520661757701
0.5209353944
0.506085044866
0.501851705631
0.493581951825
0.513825216034
0.504577554404
0.50950892259
0.4886152489
0.510937242871
0.513590368276
0.508122702398
0.497158774645
0.509324583254
0.507995484469
0.497144113499
0.503607176128
0.52690153359
0.519929512447
0.513012880026
0.525175268463
0.518936290933
0.496257015904
0.509864430472
0.511308909239
0.506294548783
0.518422115663
0.502166849299
0.515665108533
0.506198022694
0.504385686647
0.531658407724
0.507392084597
0.515067765109
0.50922904863
0.503438274565
0.502871419034
0.489093286058
0.516562337859
0.497293897949
0.518020253461
0.506049942768
0.511029237619
0.527780051095
0.503401068293
0.520787572195
0.500070796342
0.487568811602
0.497219360859
0.44432959541
0.511131702114
0.518991214752
0.496751090648
0.499838962453
0.489707835432
0.517417116432
0.514580850903
0.438895929678
0.502596575106
0.500654422148
0.522513782246
0.498064869324
0.51719801153
0.528067242345
0.512658558604
0.512770465393
0.495879998762
0.514184296875
0.496716204228
0.523727026079
0.517656346414
0.515485264985
0.493450785259
0.528345623737
0.504755489613
0.498514348496
0.514223463284
0.506470105848
0.506997897758
0.511889929907
0.51059993505
0.512794004477
0.493969590141
0.51319360694
0.516056830878
0.51177818942
0.513939648978
0.502908974117
0.520860977254
0.509249179594
0.519767982066
0.494772302984
0.505687375604
0.495155179135
0.515037576317
0.508653082464
0.508955021595
0.501454893794
0.527229015968
0.495274322233
0.501978814515
0.527049640716
0.494311098488
0.504425426444
0.512513157956
0.523141679741
0.527794323144
0.50074439598
0.512620964349
0.49958373678
0.514031317805
0.51376199064
0.5033113698
0.519263569703
0.507619223324
0.489531856154
0.498373613511
0.506056128054
0.502615069517
0.477562828036
0.511415936113
0.520419474325
0.510971347688
0.530496662782
0.498754332648
0.503102208725
0.516397432816
0.506842279441
0.505939837327
0.514815447255
0.523958903764
0.510745688446
0.49863244273
0.507227659517
0.509934699769
0.509625395942
0.518820203755
0.508970513888
0.518103927309
0.497099884278
0.506497732172
0.503399630978
0.509578083706
0.501137097987
0.510314371229
0.509708170194
0.510895576294
0.51020918634
0.489175340735
0.509681413112
0.431442738681
0.477326966564
0.517124259003
0.520075056262
0.504519218566
0.531606766604
0.518161687733
0.502835989711
0.503375519471
0.487836705715
0.504291637811
0.515309625067
0.508937032431
0.510274380959
0.525256350623
0.494542432616
0.497554494245
0.520195877753
0.509116899204
0.507338835374
0.522725507472
0.529907943836
0.506647855957
0.518277542417
0.508418232535
0.518752154221
0.510009637416
0.517639437906
0.518359823249
0.51002715571
0.503256617822
0.49619244579
0.510628712764
0.514536419519
0.532892770738
0.52778927702
0.51712156449
0.51084553809
0.512357001666
0.514146640172
0.539652959767
0.505840599696
0.513164321113
0.52125842966
0.49833784639
0.507985331854
0.50875197756
0.506453203528
0.517173703091
0.505472431148
0.512362120671
0.489641014546
0.505482282606
0.511068628757
0.517718065337
0.520300728111
0.505032785336
0.473732811095
0.514318320735
0.511827255537
0.514362126676
0.519377057683
0.512539985731
0.516852744486
0.521079898823
0.507347933334
0.532626929305
0.514724317809
0.501178388574
0.512525444998
0.509591878989
0.517567107121
0.525432048308
0.513304791754
0.505664905534
0.507761763069
0.507869126859
0.50679273615
0.497798258698
0.519573135314
0.519005215366
0.507066267684
0.521489920788
0.511824827828
0.50817233158
0.524449168845
0.514111137032
0.503189864836
0.513168515029
0.515696473898
0.513224195362
0.521280077918
0.52663786211
0.522097050467
0.509496288654
0.50801794054
0.517492629184
0.516289543797
0.516926567485
0.505707217468
0.528067242345
0.528871665009
0.515643116331
0.506056128054
0.505174005596
0.525705644796
0.50385814794
0.499583110203
0.514720612729
0.507304435862
0.51548050367
0.50999842983
0.506946194509
0.52204530032
0.504614844547
0.511065227221
0.492980867307
0.503890055448
0.508276038922
0.504404759228
0.523953449631
0.500423826651
0.518509869483
0.49228951612
0.515977092205
0.525278903528
0.511285590894
0.516435006434
0.512820227498
0.520773710817
0.517663446011
0.510380058902
0.528580177493
0.53113011871
0.507938294382
0.519947474263
0.48185137601
0.527818874487
0.527087184327
0.50481350676
0.497060035797
0.5124394143
0.495259482471
0.486380729243
0.485133243301
0.498381265917
0.528333690922
0.508572825636
0.526798735647
0.52302509529
0.491179766046
0.506410272367
0.50661910142
0.506722404346
0.513598454213
0.517137386419
0.498944014378
0.520679285308
0.514920798254
0.496866441558
0.497413830964
0.50950756734
0.511198021971
0.512636471378
0.511763884787
0.541847806029
0.503996954114
0.510892993628
0.496458841205
0.508584695939
0.501722436903
0.515265218078
0.502298639328
0.515911907255
0.509800342912
0.531551201407
0.512536876462
0.506190044738
0.527705334387
0.497331987668
0.518239279179
0.510494282255
0.512269572443
0.516213895554
0.512289931825
0.473053817233
0.511087043443
0.490855875256
0.518563127074
0.501706482023
0.492739339741
0.514060681223
0.525073557977
0.521542805802
0.495575725975
0.511107598629
0.501442110957
0.507860849714
0.512046991794
0.498092207689
0.512210895534
0.481086562272
0.503589922641
0.491604154238
0.517810312643
0.518023466419
0.513309471708
0.530014657818
0.49351553596
0.501254497499
0.507383265032
0.520117113404
0.521113460824
0.498669940076
0.516527135592
0.504997125673
0.51987355989
0.520706244628
0.496609301094
0.503812416802
0.526405747811
0.524062597202
0.515489257946
0.51547313022
0.502690190325
0.502298639328
0.52690757878
0.512979184341
0.528680411519
0.499238045963
0.517485793472
0.499108553167
0.509784395779
0.511760981028
0.511920055375
0.499885578419
0.497000446664
0.507705633933
0.507348751165
0.515447626138
0.510315746072
0.525653198577
0.49132267524
0.533688485913
0.527373287275
0.514333404842
0.495641375865
0.492165252395
0.506615409578
0.481757007289
0.508038999769
0.506617704867
0.515665108533
0.502591840864
0.507708124938
0.511540993936
0.502434442171
0.508758889331
0.506196829372
0.514938523091
0.504422617429
0.507927057193
0.52176146861
0.505088818927
0.498588419263
0.502546181388
0.503081672518
0.524208290992
0.527228954574
0.515873700902
0.502167652376
0.517715762254
0.515814420019
0.514239803232
0.514500445991
0.53151949483
0.503185681073
0.505319205578
0.524565991836
0.497205582844
0.536783412679
0.513247739501
0.493533059453
0.513958658631
0.520382592538
0.531009748201
0.499335797312
0.50467687565
0.509591092405
0.491666373118
0.50086446823
0.509125673789
0.50523264865
0.483393564786
0.498911589551
0.526050541786
0.506965333325
0.491002451813
0.523046671156
0.513457280578
0.504219983927
0.535306790149
0.503986058718
0.517584337012
0.521453986603
0.503718508476
0.49185313028
0.527062777319
0.501515611349
0.513556811252
0.514518771964
0.508500567179
0.52244504303
0.525368478762
0.487948806334
0.515450544353
0.509368693796
0.502331976878
0.518161264907
0.512120304516
0.512732830844
0.495347018715
0.517538154654
0.505486326197
0.509482407732
0.512712352692
0.511623894266
0.504435888733
0.524836284274
0.502043593466
0.504261421125
0.500273221357
0.507907123569
0.537448190738
0.50303516835
0.515405306053
0.530696127013
0.498552441107
0.504998115214
0.499094315505
0.504858341858
0.506103927541
0.500326935085
0.495241674795
0.512743376829
0.520507811143
0.503501704036
0.501879486445
0.512032420398
0.512515463994
0.515915878166
0.521818460316
0.510139793227
0.513464151961
0.517497023825
0.521236037459
0.51715352636
0.502561145764
0.487579353655
0.51228352381
0.510503292948
0.503160148553
0.502685607476
0.506740696902
0.521784672501
0.516987639929
0.515276922818
0.503231646398
0.487105869545
0.506973515981
0.511583542893
0.516838130773
0.513482050302
0.500891158556
0.501901579127
0.507183590959
0.493133608968
0.516990362767
0.50140777851
0.493149512743
0.508965822698
0.517836184686
0.521852969063
0.508528822607
0.502729314003
0.516849693538
0.492276594352
0.509157925564
0.504936268655
0.504683616977
0.50052647367
0.506808401973
0.512997128373
0.501829545924
0.497147726118
0.506933641261
0.512839766214
0.502257252742
0.515917229392
0.526091385939
0.51180116903
0.513496127313
0.509740092858
0.51331197353
0.507993145679
0.508764051846
0.499888618621
0.505702678505
0.517168024494
0.520105958031
0.524415630808
0.51171858606
0.514285279271
0.498679642365
0.419114949455
0.501704653232
0.510722402116
0.516010541242
0.508621517234
0.511996884029
0.519147526259
0.501697562708
0.509356726226
0.503151097497
0.506988798618
0.526110001683
0.506060624702
0.501502868584
0.507402001843
0.523546434461
0.494586848981
0.509700605578
0.514045722258
0.49564019923
0.501394940278
0.477968955097
0.506973000338
0.520478509374
0.518381600937
0.496284000218
0.50569375555
0.50815358864
0.516953616317
0.505998416681
0.517999970755
0.513088957471
0.515965137567
0.513767191877
0.512278753273
0.499634108178
0.509807934652
0.52134689682
0.515219438175
0.498951226325
0.511881122732
0.521443575759
0.509865716392
0.497529105416
0.518203790379
0.506580041924
0.50238648771
0.491086485654
0.524613601367
0.515915945193
0.499810590772
0.510277593892
0.504120579691
0.508070999293
0.510512288606
0.512640158588
0.497914482204
0.517197237886
0.499516117128
0.528615818138
0.5106288356
0.506938427389
0.521093084558
0.515409561262
0.513572091207
0.514521900596
0.503537929465
0.515606149797
0.51608837719
0.507185415821
0.514075252978
0.512079429557
0.518233960839
0.499464250066
0.49619214789
0.508235975573
0.529439375656
0.521424349796
0.510756708614
0.504930220013
0.510947167717
0.52023151987
0.516188164595
0.497612302117
0.49464697473
0.510596211165
0.534319584898
0.482485905423
0.524688232389
0.511896723616
0.491624751118
0.508123932298
0.512764672553
0.528889770851
0.496001044561
0.520951578087
0.533893896573
0.503189932253
0.499278911301
0.509949858543
0.513051639323
0.512136779117
0.505861416449
0.496267925188
0.50050020925
0.52377590435
0.508617811785
0.494266541098
0.519169096849
0.502533105101
0.516789804299
0.513340883586
0.518194527851
0.509444345703
0.517131969633
0.521839837952
0.503887707964
0.52518303089
0.523818184753
0.507694038434
0.504481801877
0.51665477539
0.516729793748
0.502478593933
0.505653251467
0.510123263575
0.520951911762
0.50772736973
0.520697347618
0.517920053962
0.515837309067
0.523853845621
0.498072985068
0.500688279673
0.502710179144
0.508081152074
0.491262055319
0.507101061756
0.51704504227
0.51584873311
0.499083857643
0.524624748901
0.514685630744
0.51329137804
0.507130833107
0.500022608205
0.499628928558
0.517235467557
0.502164450904
0.507802653584
0.520758730695
0.510961100077
0.518343272608
0.507567202914
0.503579560095
0.511493857581
0.518296431447
0.527761117675
0.516927332267
0.519394102015
0.517383920554
0.484678998631
0.516021814554
0.530162539847
0.517356349788
0.501444969181
0.514537339097
0.510442893043
0.506358012423
0.512537205621
0.508806722868
0.512148405126
0.500377065434
0.520103206382
0.516094010137
0.536102769372
0.513556071845
0.509057571954
0.517030642357
0.508863421321
0.503827736078
0.515427597546
0.505259002
0.49499546818
0.5068604966
0.506256004044
0.515665108533
0.514259718502
0.523577488902
0.508929415374
0.517565358143
0.502100443219
0.501612805381
0.520217238488
0.509097537599
0.499295789083
0.5073734075
0.523928273322
0.540040866684
0.523671676844
0.546725960265
0.526750987728
0.505013766453
0.515012459102
0.510899729501
0.528171053001
0.503717225083
0.509277506505
0.515498745844
0.501836728809
0.522050521762
0.49697037504
0.504996902779
0.500648831063
0.498396556062
0.512677653489
0.433957994813
0.50963999531
0.517828418541
0.505693218489
0.518835802094
0.510985181281
0.513658214656
0.513612228062
0.504913584741
0.528382762552
0.510473785625
0.500809980757
0.512003883539
0.500599973656
0.480129222313
0.512753536114
0.497038836122
0.512357821467
0.514175763971
0.516945532316
0.522510440468
0.519328480089
0.525816305054
0.512161151488
0.503485521138
0.496344089636
0.537723434491
0.501209294477
0.485587119826
0.501514959419
0.516880503207
0.514697743191
0.497318367421
0.508548132759
0.500865170758
0.513997721633
0.508274862145
0.510216298324
0.480443379044
0.504285126146
0.501525463686
0.510518519949
0.497624381629
0.500312064236
0.510012107657
0.530633776266
0.486028907548
0.514295048284
0.502831380765
0.523585224581
0.487990145454
0.503874154356
0.511541994798
0.513735610716
0.517837118361
0.516079605282
0.512208315094
0.509481837591
0.523208404318
0.515650541643
0.510949633973
0.493448666792
0.501994523926
0.502129138591
0.516067188007
0.497237750209
0.506913203651
0.508034312918
0.509977055361
0.515303213764
0.484796945273
0.509671579008
0.504764306914
0.516450188534
0.518313212038
0.520561374151
0.515294692656
0.533049330772
0.513460350023
0.513342583165
0.510417616169
0.513756489576
0.511206008435
0.507913538096
0.521250422608
0.51398780618
0.514056763981
0.519665026538
0.524609492164
0.508415043949
0.509780790165
0.501384142108
0.522761502841
0.501627142855
0.509627246146
0.468226518428
0.516067892488
0.499514779806
0.510176511452
0.488241623483
0.513806435867
0.484871243119
0.510260004795
0.509848179642
0.507542440152
0.527050984436
0.515401682097
0.501339122899
0.48407357963
0.514420167422
0.515154362786
0.505174381856
0.505363652583
0.495845660608
0.504010102318
0.531599493799
0.517916176471
0.497246521905
0.507643223954
0.514149143606
0.511345205818
0.516706586948
0.50498391779
0.51232831435
0.520596526335
0.52687890344
0.500470636149
0.512199894697
0.503561255154
0.524200794685
0.523737365812
0.499733712566
0.518998774604
0.526132362413
0.518371397084
0.510898005303
0.508376975313
